Date,Bus,ID,Duration,Start Time,End Time,Air Compressor Energy [kWh],Rear HVAC Energy [kWh],LV Access. Energy [kWh],Electric Heater Energy [kWh],Traction Energy [kWh],Energy Used [kWh],Mileage [miles],Average Speed [mph],SOC Start [%],SOC End [%],Regen Energy [kWh],Regen Ratio,Net Energy Consumption [kWh/mile],Average Power Consumption [kW],Average Temperature [°F]
2025-11-01,26005,1,02:54:14,04:06 PM,07:00 PM,3.95,0.0,7.85,22.7,31.9,65.69999999999999,32.00309198399918,11.02077014945447,90.0,76.0,26.0,0.2835332606324973,2.052926636990216,22.62483259996173,55.88620689655166
2025-11-01,26005,2,03:09:59,07:50 PM,11:00 PM,2.600000000000001,0.0,7.999999999999998,28.6,24.5,64.60000000000001,26.79662437500519,8.46283426177899,74.4,60.0,20.6,0.2417840375586854,2.410751410175987,20.40178963066936,43.56736842105274
2025-11-01,26006,1,07:29:20,08:57 AM,04:27 PM,7.8,0.0,16.6,24.3,65.5,112.7,60.97202937499969,8.141665643545952,89.2,64.8,62.3,0.356,1.848388534140054,15.04896142433234,55.91026785714292
2025-11-01,26008,1,04:24:23,08:59 AM,01:23 PM,3.35,0.0,10.0,21.0,37.8,72.0,37.59108138699958,8.531040345029218,90.0,74.4,42.1,0.3689745836985101,1.915347932100201,16.3399104835151,55.89772727272739
2025-11-01,26008,2,03:33:07,01:45 PM,05:18 PM,2.7,0.0,5.700000000000001,4.800000000000004,29.3,42.8,33.01033437499427,9.293595350745239,74.0,64.8,36.9,0.4629861982434129,1.296563661361198,12.04973801517166,59.40563380281686
2025-11-01,26009,1,00:13:30,12:14 AM,12:28 AM,0.1500000000000004,0.0,0.3499999999999996,0.1499999999999986,1.700000000000003,2.5,2.174798499996541,9.665771111095738,58.0,57.6,1.700000000000003,0.4047619047619052,1.149531784210802,11.11111111111111,50.0
2025-11-01,26009,2,01:27:27,09:01 AM,10:28 AM,1.35,0.0,3.55,15.1,17.8,37.3,15.14591812500294,10.39171054888709,90.8,82.0,17.4,0.3180987202925046,2.462709734210502,25.59176672384219,52.16818181818184
2025-11-01,26009,3,01:50:37,10:38 AM,12:29 PM,1.7,0.0,3.35,7.199999999999999,17.0,29.49999999999999,17.32071662500675,9.394994703936163,82.0,74.8,22.8,0.4359464627151053,1.703162787006712,16.00120536386921,55.38392857142848
2025-11-01,26009,4,02:05:50,01:07 PM,03:13 PM,2.0,0.0,3.6,6.800000000000001,17.19999999999999,30.2,17.39838800000143,8.295920105960947,74.4,67.2,22.90000000000001,0.4312617702448212,1.735792994155408,14.4,56.9165354330708
2025-11-01,26009,5,01:41:32,03:35 PM,05:16 PM,1.35,0.4,3.25,0.25,12.69999999999999,18.40000000000001,13.90317612500075,8.215928110637346,67.2,62.8,17.0,0.4802259887005649,1.323438603853478,10.87327642810243,59.59999999999997
2025-11-01,26010,1,03:04:58,08:54 AM,11:59 AM,3.2,0.0,8.4,12.9,28.2,53.6,26.48531750400434,8.591380700524025,85.6,73.6,22.4,0.2947368421052631,2.023762788265467,17.38691656154262,53.92108108108092
2025-11-01,26010,2,03:45:10,12:44 PM,04:29 PM,3.7,0.0,8.65,3.649999999999999,29.4,46.8,31.61224962500273,8.423693460400433,73.2,60.0,27.5,0.3701211305518169,1.480438771525611,12.47076239822354,57.6879999999999
2025-11-01,26011,1,01:27:29,12:30 PM,01:57 PM,1.5,0.0,2.0,0.0,11.1,14.4,11.34002075000171,7.777495656316663,82.8,79.6,12.1,0.4566037735849057,1.26983894628216,9.876166888931225,54.37727272727277
2025-11-01,26011,2,02:58:14,04:22 PM,07:20 PM,2.95,0.0,5.8,0.0,33.5,41.2,26.71895299999596,8.994597980174442,79.2,70.0,28.6,0.4097421203438396,1.541976588678689,13.86945951000561,52.66966292134837
2025-11-01,26011,3,02:32:48,07:59 PM,10:32 PM,2.350000000000001,0.0,4.8,13.95,25.0,46.7,22.68004150000343,8.905775458116528,66.0,55.2,22.7,0.3270893371757925,2.059079124700585,18.33769633507853,41.92941176470587
2025-11-01,26012,1,01:08:23,10:34 AM,11:42 AM,0.95,0.0,2.45,8.2,12.5,23.8,9.86550736699428,8.656063007842896,91.6,86.0,11.1,0.3180515759312321,2.41244561629182,20.88228125761638,56.49565217391307
2025-11-01,26012,2,00:32:36,12:04 PM,12:37 PM,0.5499999999999998,0.0,1.3,2.700000000000001,6.699999999999999,11.1,5.903024500003085,10.86446226994433,85.2,82.8,7.699999999999999,0.4095744680851064,1.880391992273486,20.42944785276073,56.72352941176473
2025-11-01,26012,3,00:55:01,01:04 PM,01:59 PM,0.7999999999999998,0.0,1.750000000000001,1.099999999999998,18.5,21.6,14.29153300000326,15.58604023023681,82.0,77.2,15.4,0.4162162162162163,1.511384398020498,23.55649803089973,58.32499999999997
2025-11-02,26005,1,07:47:25,04:10 PM,11:58 PM,7.100000000000001,0.0,14.7,41.9,54.0,117.1,59.72928737499751,7.667157587804994,86.8,61.6,46.5,0.2842298288508557,1.960512256990658,15.03155642717062,49.16566523605147
2025-11-02,26009,1,01:40:26,07:17 PM,08:57 PM,1.25,0.0,3.9,1.05,21.9,28.6,16.31098874999589,9.744367656817987,92.0,85.2,22.2,0.437007874015748,1.75341914818053,17.0859608363757,48.1287128712871
2025-11-02,26012,1,07:25:17,09:00 AM,04:26 PM,6.9,0.0,17.25,29.3,69.60000000000001,122.2,59.10791637499642,7.964535649585923,74.4,46.0,60.8,0.3322404371584699,2.067404968646341,16.46592057491485,59.62818791946278
2025-11-02,26013,1,04:09:18,09:16 AM,01:26 PM,2.8,0.0,7.9,27.2,71.39999999999999,114.1,62.13709999999992,14.95477737665461,79.2,53.2,48.7,0.2991400491400492,1.836262072095417,27.46089049338147,58.66024096385529
2025-11-02,26013,2,03:06:56,01:59 PM,05:06 PM,2.85,0.0,5.15,13.25,49.7,71.4,46.21508949600684,14.83365925335455,53.2,36.0,36.8,0.3401109057301294,1.54494994554039,22.91726105563481,60.21283422459902
2025-11-02,26014,1,03:22:03,10:51 AM,02:14 PM,3.15,0.0,6.25,0.0,41.4,56.6,34.95149737899919,10.37906380965084,92.8,78.0,33.9,0.374585635359116,1.619386986092574,16.80772086117298,60.96039603960402
2025-11-03,26003,1,04:42:27,06:48 AM,11:30 AM,7.1,0.0,14.45,58.5,52.8,138.6,49.70967999999993,10.55967711099308,75.2,41.6,51.9,0.2724409448818897,2.78818934259887,29.44237918215613,52.38723404255335
2025-11-03,26003,2,04:51:30,02:10 PM,07:02 PM,5.5,0.0,8.75,34.8,48.40000000000001,96.89999999999999,50.09803687500244,10.31177431389415,72.8,48.8,53.0,0.3535690460306872,1.934207526769387,19.9451114922813,55.43724137931015
2025-11-03,26003,3,01:43:32,07:34 PM,09:18 PM,1.5,0.0,3.300000000000001,13.7,11.60000000000001,29.80000000000001,13.51481924999825,7.832155392787141,48.8,41.2,13.39999999999999,0.310185185185185,2.204986944239292,17.26980038634901,53.15000000000012
2025-11-03,26005,1,01:16:24,10:16 AM,11:32 AM,1.1,0.0,2.5,9.149999999999999,13.5,25.5,13.04879100000107,10.24774162303749,82.4,76.8,11.7,0.314516129032258,1.954204033155095,20.0261780104712,55.72727272727278
2025-11-03,26005,2,06:38:03,12:21 PM,06:59 PM,5.1,0.0,9.65,15.6,48.90000000000001,77.7,49.78735137500189,7.504688060545443,76.8,59.6,44.3,0.3631147540983606,1.560637347722277,11.71209647029268,54.52040302266975
2025-11-03,26006,1,03:09:58,07:59 AM,11:09 AM,4.05,0.0,6.750000000000001,25.05,30.8,65.2,26.09758200000215,8.242787787331789,82.4,68.4,27.2,0.2943722943722943,2.498315744347297,20.59308650640463,52.3115789473684
2025-11-03,26006,2,04:00:14,11:41 AM,03:41 PM,5.300000000000001,0.0,7.200000000000001,16.1,37.39999999999999,64.5,34.87444737499754,8.710143648535533,68.4,53.2,40.5,0.3857142857142857,1.849491672411183,16.10933814347162,55.6174999999998
2025-11-03,26008,1,04:30:27,06:58 AM,11:29 AM,4.050000000000001,0.0,9.55,16.25,58.7,88.5,52.11749262500234,11.56239437049414,85.6,65.6,42.1,0.3223583460949464,1.698086295838873,19.63394342762063,52.2600000000001
2025-11-03,26008,2,02:04:41,12:17 PM,02:21 PM,1.8,0.0,3.35,0.0,27.5,33.1,27.57333812499564,13.26881663547444,65.6,58.0,24.8,0.4283246977547495,1.200434994484558,15.92835182462237,56.59519999999989
2025-11-03,26008,3,03:03:57,05:21 PM,08:25 PM,2.75,0.0,5.45,19.45,28.1,56.2,29.12676562500565,9.500439997283712,82.4,70.0,33.1,0.3706606942889137,1.929496763339617,18.33106822506116,53.16956521739134
2025-11-03,26009,1,04:35:49,06:58 AM,11:34 AM,4.3,0.0,11.6,31.65,47.2,94.30000000000001,48.85529487500025,10.62777579007801,84.4,61.2,41.5,0.3055964653902798,1.930189966947764,20.51362620097891,51.38411552346567
2025-11-03,26009,2,03:38:09,01:52 PM,05:30 PM,3.3,0.0,6.15,9.15,38.90000000000001,57.90000000000001,33.08800574999623,9.100528741690459,82.0,68.0,42.5,0.4233067729083665,1.749878806159438,15.92482236992895,55.15342465753425
2025-11-03,26009,3,03:31:10,06:33 PM,10:05 PM,2.75,0.0,6.25,18.0,32.8,60.0,33.01033437499427,9.379416239145966,66.8,52.0,39.2,0.3951612903225807,1.817612609384857,17.0481452249408,52.2754716981133
2025-11-03,26010,1,04:33:26,05:53 AM,10:27 AM,4.85,0.0,10.95,23.65,43.50000000000001,84.5,42.02021387499553,9.220576005728631,85.6,66.8,41.6,0.3298969072164949,2.010936932671882,18.54199683042789,48.93846153846142
2025-11-03,26010,2,02:06:39,11:29 AM,01:36 PM,2.35,0.0,2.949999999999999,5.0,19.10000000000001,29.40000000000001,19.88387200000579,9.419915673117629,66.8,60.0,20.0,0.4048582995951416,1.478585257438362,13.92814844058429,56.22204724409432
2025-11-03,26010,3,03:03:57,03:56 PM,07:00 PM,3.65,0.0,6.850000000000001,16.45,32.3,59.7,27.34032400000433,8.917746344116662,77.2,64.0,30.9,0.3410596026490066,2.183587875549337,19.47268279423756,53.66847826086956
2025-11-03,26010,4,03:37:09,07:36 PM,11:13 PM,3.25,0.0,7.25,22.0,36.40000000000001,69.6,31.92293512500328,8.820520872669569,63.6,47.2,31.0,0.3081510934393638,2.180250648239628,19.230946350449,52.10691244239626
2025-11-03,26010,5,00:30:08,11:28 PM,11:58 PM,0.4000000000000004,0.0,1.550000000000001,3.649999999999999,5.600000000000001,11.59999999999999,5.359324875003949,10.6712220962468,46.4,43.6,4.499999999999993,0.2795031055900619,2.164451730497388,23.09734513274335,50.1741935483871
2025-11-03,26011,1,02:58:59,07:41 AM,10:40 AM,3.1,0.0,6.5,23.05,29.7,61.7,31.06792862899601,10.41480054608303,86.0,72.8,26.7,0.3020361990950227,1.985970829816274,20.6834900828755,49.48715083798893
2025-11-03,26011,2,02:59:58,11:33 AM,02:33 PM,2.85,0.0,6.05,8.55,29.0,46.1,33.0880057500035,11.03137809779706,87.6,77.6,28.8,0.3845126835781041,1.393254109912476,15.36951287275421,53.8900000000002
2025-11-03,26011,3,04:28:24,03:09 PM,07:37 PM,5.4,0.0,9.3,17.25,50.10000000000001,80.4,39.76774400000431,8.889957675112738,77.2,58.8,50.8,0.3871951219512195,2.021739025477314,17.97317436661699,51.63880597014931
2025-11-03,26012,1,02:19:46,10:07 AM,12:27 PM,2.4,0.0,4.75,10.7,28.7,46.0,25.3985396249991,10.90326051156651,80.8,70.8,26.3,0.363762102351314,1.811127752980074,19.74719771046983,56.5744680851063
2025-11-03,26012,2,04:17:18,02:16 PM,06:34 PM,3.4,0.0,8.600000000000001,25.15,38.00000000000001,74.9,43.26295587499772,10.08852449475267,76.0,59.6,33.9,0.3115808823529411,1.73127329109026,17.46599300427517,55.45559845559823
2025-11-03,26012,3,00:48:16,06:54 PM,07:42 PM,0.75,0.0,1.85,5.049999999999997,7.899999999999999,16.39999999999999,8.388508500000171,10.4277039364643,58.8,55.2,7.100000000000001,0.3021276595744682,1.955055538180555,20.3867403314917,52.82857142857144
2025-11-03,26012,4,00:34:11,07:50 PM,08:24 PM,0.4500000000000002,0.0,1.399999999999999,3.549999999999997,5.20000000000001,10.39999999999999,5.825353125001129,10.22490065821749,54.8,52.0,4.699999999999996,0.3112582781456953,1.785299496328469,18.25450999512431,51.90285714285712
2025-11-03,26012,5,00:41:17,08:35 PM,09:17 PM,0.6000000000000005,0.0,1.6,4.649999999999999,5.199999999999996,12.0,6.990423750001355,10.15967924909361,51.6,48.4,5.699999999999996,0.3220338983050846,1.716634131085068,17.44045215987081,52.80465116279064
2025-11-03,26013,1,04:17:19,05:52 AM,10:10 AM,3.45,0.0,7.699999999999999,36.25,42.39999999999999,89.6,39.92184400800033,9.30880487264727,75.6,54.8,39.7,0.3070378963650425,2.244385303996583,20.89254485394132,49.71984435797656
2025-11-03,26013,2,02:02:38,10:54 AM,12:56 PM,1.4,0.0,3.5,11.9,17.7,35.09999999999999,19.65023650399235,9.614141263165594,54.4,46.4,18.09999999999999,0.3402255639097744,1.78623804313341,17.17314487632508,57.05365853658524
2025-11-03,26014,1,04:41:28,06:53 AM,11:34 AM,4.5,0.0,15.0,12.55,38.9,70.9,35.57348975000059,7.583169297726323,80.8,62.4,28.4,0.2860020140986908,1.993057203503596,15.11369019422075,51.63985765124564
2025-11-03,26014,2,00:12:04,12:04 PM,12:16 PM,0.04999999999999982,0.0,0.3500000000000014,0.0,2.300000000000001,2.699999999999989,3.572883249995357,17.76571781765647,62.0,61.2,1.900000000000002,0.4130434782608708,0.7556921990114,13.42541436464083,57.75384615384617
2025-11-03,26014,3,04:08:18,02:15 PM,06:24 PM,2.9,0.0,10.45,0.6499999999999986,45.7,59.59999999999999,41.01048599999922,9.909903987112175,56.0,38.4,35.3,0.3719704952581665,1.4532868496121,14.40193314538864,55.4508064516127
2025-11-04,26003,1,06:09:57,05:51 AM,12:01 PM,6.949999999999999,0.0,13.45,47.7,51.7,122.5,55.22248351200687,8.956207624599033,69.6,39.6,60.9,0.3320610687022901,2.21829936303689,19.86754966887417,52.98048780487807
2025-11-04,26003,2,02:02:38,12:29 PM,02:32 PM,2.45,0.0,2.749999999999998,0.0,21.00000000000001,26.3,23.14606975000061,11.32452447676028,39.6,33.2,25.39999999999999,0.4912959381044487,1.136262021330827,12.86762707257407,61.34146341463421
2025-11-04,26005,1,04:37:26,06:51 AM,11:29 AM,5.45,0.0,12.55,39.65,59.9,115.0,49.40147998400062,10.68396779661193,77.2,51.2,46.4,0.2874845105328376,2.327865481707115,24.87083984140334,52.69675090252721
2025-11-04,26005,2,06:29:01,12:31 PM,07:00 PM,4.75,0.0,9.5,16.45,50.2,78.5,49.78735137500189,7.678953984405416,74.8,57.2,44.3,0.3607491856677524,1.576705685922764,12.10745040915128,57.1860465116278
2025-11-04,26006,1,02:24:46,09:59 AM,12:24 PM,2.7,0.0,4.25,10.05,29.3,45.2,24.70136136299698,10.23772748178553,82.4,72.8,24.3,0.3496402877697842,1.829858659843352,18.73359428966153,59.14896551724133
2025-11-04,26006,2,03:59:14,03:03 PM,07:02 PM,4.9,0.0,7.85,19.7,31.1,62.5,33.24334850000014,8.33747071199669,91.2,77.6,27.9,0.3086283185840707,1.880075348005323,15.67507315034137,54.8426778242677
2025-11-04,26006,3,04:27:26,07:30 PM,11:58 PM,4.65,0.0,10.65,36.7,35.49999999999999,87.69999999999999,39.69007262500236,8.904665427521406,76.4,56.8,28.6,0.2459157351676699,2.209620547399912,19.67593169637292,45.76629213483139
2025-11-04,26008,1,04:16:21,06:56 AM,11:12 AM,3.75,0.0,9.3,13.3,60.0,86.2,52.19702811299794,12.21697556769993,80.4,61.6,42.7,0.3312645461598138,1.651435016824928,20.17554125219427,54.03593750000015
2025-11-04,26008,2,02:13:42,12:14 PM,02:28 PM,1.9,0.0,3.55,0.0,26.6,32.7,27.88402362499619,12.51339878459066,58.0,50.0,21.5,0.3966789667896679,1.172714542197081,14.67464472700074,61.48507462686575
2025-11-04,26008,3,02:49:53,05:18 PM,08:08 PM,2.05,0.0,5.0,15.9,19.5,43.1,21.5149708750032,7.598733949770581,88.4,79.2,24.7,0.364306784660767,2.003256255860193,15.22221132149514,52.33254437869829
2025-11-04,26009,1,06:33:26,07:06 AM,01:40 PM,6.100000000000001,0.0,12.65,20.15,48.1,88.0,50.40934374600329,7.687606434195198,80.0,59.2,48.6,0.355783308931186,1.745708106088508,13.42031686859273,57.16810126582268
2025-11-04,26009,2,05:06:44,02:34 PM,07:41 PM,0.0,0.0,8.55,11.35,47.0,70.80000000000001,43.10761312500108,8.432265118996082,73.6,56.4,50.0,0.4139072847682119,1.642401303795181,13.84916322538579,55.23636363636358
2025-11-04,26009,3,00:33:11,07:51 PM,08:24 PM,0.0,0.0,1.1,3.65,5.600000000000009,10.80000000000001,5.514667625000584,9.97127245103069,56.4,53.6,6.299999999999997,0.3684210526315786,1.958413586167646,19.52787543947767,48.2529411764706
2025-11-04,26009,4,00:36:17,08:35 PM,09:12 PM,0.0,0.0,1.049999999999999,0.8999999999999986,6.700000000000003,9.600000000000009,6.990423750001355,11.559726917779,53.6,51.2,7.099999999999994,0.425149700598802,1.373307304868056,15.87505741846579,47.48947368421051
2025-11-04,26010,1,04:13:20,11:35 AM,03:49 PM,4.8,0.45,10.35,7.1,35.09999999999999,59.09999999999999,35.96184662500309,8.517279463816521,80.4,66.4,33.7,0.363146551724138,1.643408377113474,13.99736842105263,60.7573122529644
2025-11-04,26011,1,02:59:05,07:43 AM,10:43 AM,3.2,0.0,6.250000000000001,13.7,30.3,53.09999999999999,31.06792862899601,10.40898492921225,81.6,70.0,27.8,0.3436341161928307,1.70915803992292,17.79060027919963,51.89050279329614
2025-11-04,26011,2,03:02:59,11:32 AM,02:35 PM,2.75,0.0,5.100000000000001,0.55,29.7,37.09999999999999,33.0880057500035,10.849514591494,78.8,70.8,28.7,0.4361702127659575,1.121252222944747,12.16504235358411,58.41967213114758
2025-11-04,26011,3,02:45:51,04:48 PM,07:34 PM,2.35,0.0,5.25,16.65,35.10000000000001,57.8,26.1752533750041,9.469491724451288,90.4,78.0,30.8,0.3476297968397292,2.20819256921485,20.91046126017486,49.97831325301201
2025-11-04,26012,1,07:07:14,05:53 AM,01:00 PM,6.0,0.0,13.1,27.4,62.7,108.3,58.25290987899643,8.180950127345993,80.0,56.0,53.7,0.3314814814814815,1.859134594734613,15.20948739954748,54.17616822429908
2025-11-04,26012,2,04:46:29,02:18 PM,07:05 PM,4.2,0.8999999999999999,7.75,6.9,59.4,77.7,51.65146437499789,10.81768990342617,82.0,64.8,52.9,0.4050535987748852,1.504313593819637,16.27319797544941,56.78750000000002
2025-11-04,26012,3,01:36:39,07:43 PM,09:20 PM,1.05,0.0,3.050000000000001,7.199999999999999,12.8,24.10000000000001,13.43714787500357,8.34173691153869,63.6,58.0,13.2,0.3538873994638069,1.793535371061294,14.96120020693223,47.90612244897954
2025-11-04,26013,1,04:35:26,07:00 AM,11:35 AM,3.55,0.0,7.949999999999999,28.5,55.0,95.0,48.85467350399995,10.64243159956431,76.8,54.8,41.3,0.3030080704328686,1.944542726136977,20.69466295534309,53.90109090909099
2025-11-04,26013,2,00:33:11,11:59 AM,12:33 PM,0.4499999999999997,0.0,0.9000000000000004,1.700000000000003,5.899999999999999,8.900000000000006,6.52688098399085,11.80149248737673,54.4,52.4,6.300000000000004,0.4144736842105263,1.363591587134797,16.09241587142141,60.7470588235294
2025-11-04,26013,3,07:36:20,02:21 PM,09:57 PM,5.35,0.0,13.05,46.65,61.80000000000001,129.8,62.52483550399484,8.220942579049723,86.4,57.6,66.6,0.3391038696537678,2.075975073804182,17.06647187728269,54.69186813186804
2025-11-04,26014,1,04:51:31,06:38 AM,11:30 AM,4.75,0.0,14.65,12.25,41.09999999999999,72.5,36.74042448799446,7.561919167387803,84.0,63.6,29.7,0.2906066536203523,1.973303275896841,14.92195986507347,53.69278350515462
2025-11-04,26014,2,04:16:20,02:21 PM,06:37 PM,3.100000000000001,0.0,9.850000000000001,0.5999999999999996,48.60000000000001,61.60000000000001,40.93281462499726,9.581152968139802,58.8,40.4,35.8,0.3675564681724846,1.504905063684077,14.41872561768531,57.4039062500001
2025-11-05,26003,1,02:34:49,10:01 AM,12:36 PM,3.45,0.0,4.25,3.25,23.3,38.8,24.85483999999997,9.632621810743878,72.4,63.2,20.2,0.3423728813559322,1.561064162955788,15.03714070405856,62.77419354838715
2025-11-05,26003,2,06:47:05,02:31 PM,09:18 PM,0.0,0.0,10.15,0.0,58.7,75.2,57.08846062499651,8.414266458546058,74.4,56.4,62.3,0.453090909090909,1.317253945486021,11.08372569089048,61.63349753694558
2025-11-05,26005,1,06:39:04,12:21 PM,07:00 PM,4.7,0.0,9.0,0.0,49.2,60.9,49.86378000800323,7.497060141530723,82.4,68.8,44.6,0.4227488151658768,1.221327384129832,9.156364851319747,63.14271356783897
2025-11-05,26006,1,07:45:24,07:58 AM,03:44 PM,9.450000000000001,0.0,13.95,21.6,66.39999999999999,109.0,60.66134387499915,7.820542828749352,73.2,48.4,65.7,0.3760732684602175,1.796860950271876,14.05242801890846,60.55948275862088
2025-11-05,26006,2,02:25:46,05:22 PM,07:48 PM,2.75,0.0,3.55,6.5,21.4,33.3,20.50524299999961,8.440301257717653,84.8,78.0,22.6,0.4042933810375671,1.62397490241889,13.70683741138806,59.70273972602741
2025-11-05,26008,1,04:24:24,06:53 AM,11:17 AM,3.7,0.0,10.55,19.95,56.2,90.1,52.1957853710046,11.84473192988002,90.4,70.8,41.7,0.3163884673748103,1.726193012703505,20.44629349470499,52.0181818181818
2025-11-05,26008,2,02:06:40,12:15 PM,02:21 PM,1.8,0.0,3.7,1.0,25.9,32.6,27.72868087499955,13.13463830921031,70.8,63.2,22.3,0.4061930783242259,1.17567799734002,15.4421052631579,67.74488188976386
2025-11-05,26008,3,04:41:28,03:53 PM,08:34 PM,0.0,0.0,7.7,12.55,40.90000000000001,65.19999999999999,36.50554624999495,7.781854956180828,83.6,69.6,45.8,0.4126126126126126,1.786029978938036,13.8986262434865,61.95943060498194
2025-11-05,26008,4,03:03:56,08:54 PM,11:58 PM,0.0,0.0,6.6,15.0,31.39999999999999,55.89999999999999,26.95196712500183,8.791870392352898,69.6,56.8,31.0,0.3567318757192176,2.07406011371039,18.23486770569047,59.97826086956533
2025-11-05,26009,1,04:49:34,06:53 AM,11:43 AM,3.75,0.0,12.8,48.65,51.40000000000001,115.4,49.78735137500189,10.31624639979318,78.4,50.8,47.9,0.2933251684017146,2.317857785420215,23.9115920340739,52.36288659793807
2025-11-05,26009,2,04:54:14,02:19 PM,07:13 PM,4.25,1.5,8.35,0.0,-460.4999999999999,73.8,52.19516399999702,10.64362696272739,84.0,66.4,575.3,0.8863041133877677,1.413924094577119,15.04928061629093,63.08813559322009
2025-11-05,26009,3,01:43:08,07:40 PM,09:23 PM,1.050000000000001,0.0,4.1,8.95,14.30000000000002,28.8,15.22358950000489,8.856645475115968,66.4,59.2,16.2,0.36,1.891800879154732,16.75500969618616,59.31153846153849
2025-11-05,26010,1,07:02:14,05:57 AM,12:59 PM,5.850000000000001,0.0,14.6,25.15,59.7,107.7,58.87614499199844,8.366389909654789,80.8,50.0,51.4,0.3230672532998115,1.829263787814861,15.30433409647115,53.11258907363438
2025-11-05,26011,1,03:00:05,07:48 AM,10:48 AM,2.85,0.0,5.699999999999999,10.95,31.6,50.3,32.31129200000578,10.7654466635836,73.6,62.4,27.7,0.3551282051282051,1.556731312384259,16.75890791300324,49.93999999999998
2025-11-05,26011,2,03:02:05,11:34 AM,02:36 PM,2.95,0.0,4.7,0.45,28.8,36.0,33.16567712499818,10.92873571166988,78.0,70.0,28.2,0.4392523364485981,1.085459520826894,11.86270022883295,64.04395604395593
2025-11-05,26011,3,04:45:30,03:18 PM,08:04 PM,4.1,0.0,6.449999999999999,0.0,33.60000000000001,43.59999999999999,40.62212912500399,8.537049903678597,79.6,70.0,34.3,0.4403080872913993,1.073306617332449,9.162872154115584,59.09473684210555
2025-11-05,26012,1,05:24:40,06:01 AM,11:26 AM,5.25,0.05,12.35,25.15,53.90000000000001,95.69999999999999,48.69995212499634,8.999991152463389,82.4,61.2,64.7,0.4033665835411472,1.965094334268962,17.68583162217659,50.69018404907975
2025-11-05,26012,2,01:33:30,12:31 PM,02:05 PM,1.65,0.0,2.650000000000002,1.25,14.8,20.19999999999999,15.06824675000098,9.669463155080843,60.8,56.0,19.0,0.4846938775510206,1.340567375564027,12.96256684491978,68.20842105263156
2025-11-05,26013,1,09:03:48,07:00 AM,04:04 PM,6.600000000000001,0.0,14.65,40.35,70.9,134.3,70.99039400800393,7.832702538580795,88.8,60.0,70.0,0.3426333822809594,1.891805248818003,14.81794777491725,59.78708487084906
2025-11-05,26014,1,05:25:40,06:46 AM,12:12 PM,5.100000000000001,0.05,15.7,13.05,45.90000000000001,79.8,40.77871461700124,7.512966869048335,90.0,68.4,32.8,0.2912966252220249,1.956903270480483,14.7021494370522,53.93784615384613
2025-11-05,26014,2,03:57:13,02:23 PM,06:21 PM,2.85,0.0,8.0,0.0,50.2,59.90000000000001,41.08815737500117,10.39256422047385,63.6,46.0,38.8,0.3931104356636271,1.457840989395264,15.15070610552941,63.30632911392396
2025-11-06,26002,1,01:10:22,07:20 AM,08:31 AM,1.2,0.0,3.199999999999999,7.849999999999998,12.9,25.3,11.34374897599628,9.67254768204325,88.4,82.4,8.2,0.244776119402985,2.230303231633173,21.57271435338702,47.97183098591548
2025-11-06,26002,2,03:03:06,11:33 AM,02:36 PM,3.15,0.0,6.35,15.3,33.99999999999999,58.5,34.24996952000947,11.22336521682451,71.2,58.0,28.9,0.3306636155606407,1.708030717102484,19.16985253959585,55.15409836065573
2025-11-06,26003,1,04:32:26,06:57 AM,11:30 AM,5.25,0.0,10.3,40.6,51.89999999999999,109.9,51.0300933749968,11.23873339960776,74.0,46.8,50.2,0.3135540287320425,2.153631175870975,24.20408662669766,51.87279411764706
2025-11-06,26003,2,01:30:28,11:47 AM,01:17 PM,1.75,0.0,2.199999999999999,4.149999999999999,15.39999999999999,23.80000000000001,16.38866012500512,10.86941349484496,46.8,41.2,15.5,0.3944020356234095,1.452223660657102,15.78481945467945,55.83516483516487
2025-11-06,26003,3,02:01:37,02:32 PM,04:33 PM,0.0,0.0,4.3,14.35,23.6,44.6,22.91305562500202,11.30423465122752,57.6,46.4,24.4,0.3536231884057971,1.94648853168819,22.00356310812663,53.55573770491812
2025-11-06,26005,1,00:21:07,12:29 PM,12:50 PM,0.65,0.0,0.5499999999999999,0.0,13.3,14.8,10.25262149999617,29.13136337804751,78.0,74.8,6.4,0.3018867924528302,1.443533246595081,42.05209155485398,57.2
2025-11-06,26006,1,07:43:24,07:57 AM,03:41 PM,9.6,0.0,15.5,35.5,69.80000000000001,128.4,60.66134387499915,7.85429571104866,87.2,59.2,69.1,0.349873417721519,2.116669229494577,16.62494605092792,53.31558441558423
2025-11-06,26008,1,00:11:03,12:06 AM,12:18 AM,0.0,0.0,0.4499999999999993,1.050000000000001,1.100000000000009,2.700000000000003,2.097127124994586,11.38711561083033,56.4,56.0,1.299999999999997,0.3249999999999993,1.287475598317376,14.66063348416291,57.20000000000001
2025-11-06,26008,2,04:14:20,07:01 AM,11:15 AM,3.55,0.0,7.05,10.65,57.8,78.6,52.11749262500234,12.29508345019715,72.0,53.6,43.2,0.354679802955665,1.508130879694185,18.54259501965924,51.33228346456691
2025-11-06,26008,3,02:08:42,12:14 PM,02:23 PM,1.75,0.0,3.75,4.4,26.3,36.5,27.96169499999814,13.03575524475438,52.0,42.8,22.2,0.3781942078364565,1.305357203846277,17.01631701631702,54.56279069767446
2025-11-06,26008,4,04:49:30,03:14 PM,08:04 PM,3.0,0.0,8.9,24.8,38.8,75.3,38.29198787500354,7.936163290156174,60.0,42.0,45.2,0.375103734439834,1.966468814463267,15.60621761658031,49.78200692041525
2025-11-06,26009,1,04:45:53,06:55 AM,11:41 AM,4.199999999999999,0.0,10.85,33.75,50.8,99.2,49.78735137500189,10.44916136827417,79.2,55.6,51.4,0.3413014608233732,1.992473936860359,20.81968168833441,50.91567944250871
2025-11-06,26009,2,04:02:17,01:04 PM,05:07 PM,0.0,0.0,6.9,14.25,41.10000000000001,65.5,34.71910462500091,8.597975968219252,80.4,64.4,49.3,0.4294425087108014,1.886569389028369,16.220678269244,52.18360655737695
2025-11-06,26010,1,07:54:30,05:52 AM,01:46 PM,6.5,0.0,14.1,30.6,63.60000000000001,117.5,63.69052750000264,8.053596733403918,88.0,62.4,56.8,0.3258749282845668,1.844858326852374,14.8577449947313,51.35475687103602
2025-11-06,26010,2,04:10:17,03:03 PM,07:14 PM,4.3,0.0,10.5,25.4,33.10000000000001,74.6,33.01033437500155,7.913511603516386,75.2,58.4,32.3,0.3021515434985968,2.259898344334675,17.88373177065992,49.38800000000004
2025-11-06,26011,1,03:06:42,07:41 AM,10:48 AM,3.15,0.0,6.55,20.85,32.0,61.49999999999999,33.01033437500155,10.60857023299461,80.8,67.2,28.2,0.31438127090301,1.863052924619068,19.76432779860739,48.94347826086955
2025-11-06,26011,2,03:02:57,11:31 AM,02:34 PM,2.95,0.0,5.75,6.0,30.1,44.2,32.77732025000296,10.74959942607367,66.8,56.4,28.6,0.3928571428571428,1.348493399181893,14.49576386990981,52.44918032786892
2025-11-06,26011,3,01:41:32,04:31 PM,06:13 PM,1.55,0.0,5.1,9.7,18.3,34.3,21.20428537500266,12.53043784471595,79.6,72.4,17.2,0.3339805825242719,1.617597546599502,20.26920551543007,46.70000000000006
2025-11-06,26011,4,02:44:51,06:34 PM,09:19 PM,2.2,0.0,7.6,22.25,20.0,52.2,20.81592850000015,7.576316105550557,71.2,59.2,17.2,0.2478386167146974,2.507695008656453,18.99909008189263,41.76363636363634
2025-11-06,26012,1,02:55:56,06:02 AM,08:58 AM,2.35,0.0,7.000000000000001,20.15,27.99999999999999,57.0,26.40826750000269,9.006229916636007,86.0,73.6,32.1,0.3602693602693603,2.158414973643924,19.43918150814703,47.53898305084741
2025-11-06,26012,2,04:07:16,10:01 AM,02:08 PM,4.050000000000001,0.0,8.099999999999998,7.049999999999997,40.70000000000001,59.49999999999999,37.43760274999659,9.084346852250452,72.4,58.8,50.4,0.4585987261146497,1.589311163894045,14.43785386896737,55.10241935483864
2025-11-06,26012,3,05:20:11,03:55 PM,09:15 PM,5.3,0.0,11.0,32.55,52.7,101.0,41.8648711249989,7.84516870803165,87.2,65.2,47.2,0.3184885290148449,2.412523848417858,18.92665660298787,47.39813084112144
2025-11-06,26012,4,02:32:06,09:27 PM,11:59 PM,2.3,0.0,6.150000000000002,19.05,27.49999999999999,54.5,21.35962812499929,8.425888806705833,64.8,52.4,22.90000000000001,0.2958656330749355,2.551542549386113,21.49901380670611,38.96470588235293
2025-11-06,26013,1,03:42:09,08:42 AM,12:25 PM,2.7,0.0,6.350000000000001,13.45,35.60000000000001,59.0,33.24086301599891,8.977950848345419,82.4,69.6,32.8,0.3572984749455337,1.774923833102743,15.93517893315327,55.62702702702705
2025-11-06,26013,2,05:33:43,01:29 PM,07:02 PM,0.0,0.0,9.45,21.25,45.2,81.4,44.42554101600399,7.98741185924259,84.0,66.4,44.4,0.3529411764705882,1.832279318121893,14.63516955501174,50.84864864864873
2025-11-06,26014,1,03:46:10,06:47 AM,10:33 AM,3.85,0.0,12.2,10.5,33.7,60.3,29.98115074999805,7.953731960205821,84.8,68.4,24.7,0.2905882352941176,2.011263693739438,15.99705232129698,50.8044247787611
2025-11-06,26014,2,00:43:13,10:50 AM,11:33 AM,0.5499999999999998,0.0,1.65,0.0,4.899999999999991,7.700000000000003,6.291381375005585,8.73465983417667,68.0,66.0,5.0,0.3937007874015747,1.223896556420913,10.69032009255689,56.8727272727273
2025-11-06,26014,3,03:47:11,02:22 PM,06:09 PM,3.05,0.0,9.05,14.85,51.8,77.0,41.55418562500563,10.9746216895327,79.6,58.4,38.5,0.3333333333333333,1.853002262993803,20.33599882620497,51.43524229074904
2025-11-07,26003,1,03:25:06,05:46 AM,09:11 AM,4.600000000000001,0.0,9.1,39.0,26.8,86.7,29.12738699599868,8.520932324524235,78.0,57.2,26.8,0.2361233480176212,2.976580082927118,25.36323744514871,38.21658536585367
2025-11-07,26003,2,05:59:52,09:50 AM,03:50 PM,0.0,0.0,9.7,4.1,44.00000000000001,65.89999999999999,47.92323837499862,7.990165716468833,65.2,45.6,46.9,0.4157801418439717,1.375115752494301,10.9874027417562,59.12033426183812
2025-11-07,26006,1,04:39:27,06:52 AM,11:31 AM,6.15,0.0,11.35,48.40000000000001,58.0,122.0,49.16473763300746,10.55603599205743,83.2,56.0,48.3,0.2836171462125661,2.481453290988245,26.19431025228127,44.09496402877699
2025-11-07,26006,2,03:39:09,01:49 PM,05:28 PM,4.8,0.0,6.3,3.8,42.3,56.0,33.01033437500155,9.037736995209185,81.2,68.4,38.7,0.4086589229144668,1.696438435425493,15.33196440793977,57.66849315068489
2025-11-07,26006,3,03:35:08,06:29 PM,10:04 PM,4.350000000000001,0.0,7.049999999999999,13.4,35.99999999999999,59.59999999999999,33.16567712500546,9.249801491324734,67.2,53.6,35.9,0.3759162303664921,1.797038540035241,16.62224976758599,53.71720930232578
2025-11-07,26008,1,04:19:21,06:57 AM,11:16 AM,3.65,0.0,10.15,21.35,55.2,89.89999999999999,52.19516399999702,12.07522591093049,82.4,62.4,39.8,0.3068619892058597,1.722381790006544,20.79814921920185,45.41312741312747
2025-11-07,26008,2,02:07:40,12:15 PM,02:23 PM,1.85,0.0,3.4,0.0,25.7,31.5,26.56361024999933,12.48420325065243,58.0,50.8,22.7,0.4188191881918819,1.185832787920866,14.80417754569191,61.82656250000009
2025-11-07,26008,3,03:52:12,03:51 PM,07:44 PM,3.0,0.0,7.85,18.35,29.2,58.4,31.30156412500219,8.088259463824855,53.2,38.8,29.9,0.3386183465458664,1.865721462569114,15.09043927648579,56.82758620689637
2025-11-07,26009,1,04:39:27,06:52 AM,11:31 AM,3.55,0.0,11.45,43.1,48.7,105.9,51.03133611699741,10.95680861341866,84.0,58.8,44.6,0.2963455149501661,2.075195518244075,22.73752012882448,44.60000000000002
2025-11-07,26009,2,07:19:21,11:53 AM,07:12 PM,6.95,0.0,15.35,39.34999999999999,60.70000000000002,122.1,59.41860187499697,8.114523984294568,58.8,27.6,66.6,0.3529411764705882,2.054912033387629,16.67463298053943,58.13272727272759
2025-11-07,26010,1,08:21:39,05:53 AM,02:14 PM,6.55,0.0,16.05,48.5,66.19999999999999,142.0,66.7209538669922,7.980179870466524,76.8,44.0,56.6,0.2849949647532729,2.12826693519814,16.98395295524768,48.67879999999985
2025-11-07,26010,2,04:34:26,03:26 PM,08:00 PM,4.45,0.0,6.8,8.4,33.1,53.7,39.37938712499454,8.60960729077981,70.4,54.8,33.4,0.383467278989667,1.36365758638016,11.74055629782582,55.72189781021894
2025-11-07,26011,1,03:09:08,07:39 AM,10:48 AM,3.2,0.0,7.15,27.45,31.6,68.8,33.00847026200063,10.47149215220323,76.8,61.6,27.3,0.2840790842872009,2.084313494503337,21.82587240042298,42.68571428571429
2025-11-07,26011,2,03:01:59,11:34 AM,02:36 PM,2.9,0.0,4.45,0.2500000000000001,30.5,37.3,33.16567712500546,10.93474106145431,72.0,63.6,29.6,0.4424514200298953,1.124656670189841,12.29782947156333,58.40659340659357
2025-11-07,26011,3,03:46:12,03:16 PM,07:03 PM,4.0,0.0,9.1,19.6,28.0,60.3,32.54430612500437,8.632441942971981,75.6,62.4,26.8,0.3076923076923077,1.852858677287037,15.9946949602122,54.48407079646021
2025-11-07,26011,4,04:32:24,07:26 PM,11:58 PM,3.75,0.0,9.05,27.4,34.09999999999999,73.9,40.93281462500454,9.016038463657388,61.6,43.6,30.7,0.2934990439770555,1.805397470880414,16.27753303964758,51.31691176470586
2025-11-07,26012,1,00:27:23,12:03 AM,12:31 AM,0.25,0.0,1.0,2.600000000000001,2.5,6.300000000000011,2.796169500004908,6.126725623869548,52.4,50.8,2.0,0.2409638554216864,2.253082297045638,13.80401704199637,37.46206896551725
2025-11-07,26012,2,05:25:40,01:48 PM,07:13 PM,5.3,0.05,10.85,21.2,45.89999999999999,82.4,42.33089937500336,7.798937448823545,80.0,61.6,47.2,0.3641975308641975,1.946568611028796,15.18116683725691,57.87361963190213
2025-11-07,26013,1,08:11:32,07:58 AM,04:09 PM,5.9,0.0,14.45,42.05,68.7,132.8,65.39805500799412,7.982944460490263,73.6,43.2,66.3,0.3329984932194877,2.030641430907492,16.21049776210498,55.97306122448958
2025-11-07,26013,2,04:11:16,07:40 PM,11:51 PM,3.7,0.0,8.049999999999999,20.55,46.4,79.80000000000001,38.37090199199884,9.16259267519208,90.4,73.2,43.6,0.353322528363047,2.07970091546558,19.05545237463518,54.41752988047811
2025-11-07,26014,1,03:55:13,06:38 AM,10:33 AM,3.8,0.0,9.15,37.2,36.39999999999999,86.60000000000001,30.6801931250011,7.826025313540987,88.0,64.8,25.3,0.22609472743521,2.822668020607413,22.09027138099625,41.63574468085103
2025-11-07,26014,2,02:15:42,10:49 AM,01:05 PM,1.6,0.0,4.199999999999999,0.0,27.59999999999999,32.8,23.84511212499638,10.54315937730127,64.0,54.8,15.8,0.3251028806584363,1.375543961716849,14.50257921886514,60.36323529411776
2025-11-07,26014,3,04:01:14,02:23 PM,06:25 PM,3.25,0.0,10.1,6.649999999999999,48.7,67.4,41.24350012499781,10.25815948942878,48.4,28.4,33.89999999999999,0.3346495557749259,1.634196898801726,16.763852425038,58.0439834024897
2025-11-08,26006,1,07:40:23,08:56 AM,04:36 PM,8.35,0.7,19.25,0.0,68.20000000000002,96.8,61.36038625000219,7.996864587481732,90.0,69.2,64.5,0.3998760074395536,1.577565036921464,12.61557397820657,64.18039215686295
2025-11-08,26008,1,04:40:28,03:40 PM,08:20 PM,3.35,0.0,11.5,12.75,35.3,63.5,36.50554625000223,7.809601051818874,90.0,76.0,38.5,0.3774509803921569,1.739461712615686,13.58450202044212,57.64999999999996
2025-11-08,26008,2,03:10:59,08:42 PM,11:53 PM,2.2,0.0,7.699999999999999,24.45,23.00000000000001,56.7,26.33059612500074,8.272113277773162,75.2,62.4,20.9,0.2693298969072165,2.153388390100432,17.81307269395235,50.3392670157068
2025-11-08,26009,1,00:26:07,08:11 AM,08:37 AM,0.35,0.0,1.0,3.8,5.500000000000001,10.5,4.815625250004814,11.06333816210423,76.4,74.0,4.3,0.2905405405405405,2.180402222949035,24.12252712188896,54.66666666666671
2025-11-08,26009,2,01:20:25,08:47 AM,10:07 AM,0.8999999999999999,0.0,2.55,7.65,8.500000000000002,19.6,8.699194000000716,6.490590341969447,73.2,68.4,10.1,0.3400673400673401,2.253082297049403,14.62383419689119,60.46666666666667
2025-11-08,26009,3,00:21:01,10:47 AM,11:08 AM,0.3499999999999999,0.0,0.5499999999999998,0.2000000000000011,2.500000000000004,3.599999999999994,2.796169500004908,7.982720222060006,67.6,66.8,2.800000000000001,0.4375000000000004,1.287475598311789,10.27755749405232,65.70909090909092
2025-11-08,26009,4,02:22:07,11:16 AM,01:38 PM,2.2,2.65,4.800000000000001,0.4500000000000011,13.5,24.5,14.60221849999652,6.16488643133429,66.4,60.4,17.3,0.4138755980861245,1.677827242484136,10.34361440131348,67.53426573426576
2025-11-08,26009,5,01:21:06,01:51 PM,03:12 PM,1.05,0.9500000000000002,2.65,0.0,8.600000000000001,14.0,10.25262149999617,7.585170036988533,60.4,56.8,11.7,0.4552529182879377,1.365504422454807,10.35758323057953,67.51707317073166
2025-11-08,26011,1,06:51:08,04:15 PM,11:06 PM,6.4,0.0,11.5,0.0,65.7,83.2,56.46708962499542,8.240697367033546,88.0,69.6,59.0,0.4149085794655415,1.473424618703407,12.14204637587157,51.54097560975622
2025-11-08,26012,1,01:24:53,10:17 AM,11:42 AM,1.2,0.0,2.3,0.0,13.0,16.1,11.34002075000171,8.015722501473821,80.4,76.8,15.2,0.4856230031948882,1.419750488551581,11.38032593756136,64.92325581395342
2025-11-08,26012,2,00:42:01,11:59 AM,12:41 PM,0.75,0.0,1.0,0.0,6.299999999999997,7.899999999999999,5.980695874997764,8.540462177704066,76.4,74.8,7.700000000000003,0.4935897435897437,1.320916522946078,11.28123760412534,66.86976744186046
2025-11-08,26012,3,00:56:13,12:57 PM,01:53 PM,0.9500000000000002,0.0,1.35,0.0,16.29999999999999,18.1,14.29153300000326,15.25334088348998,74.4,70.4,15.8,0.4660766961651918,1.26648414834125,19.31811443818559,67.5894736842105
2025-11-08,26012,4,01:10:52,07:26 PM,08:37 PM,1.35,0.0,2.1,4.0,15.9,23.2,12.66043412499857,10.71908815851243,88.8,83.6,12.7,0.3537604456824512,1.83248060618953,19.64252116650988,53.25000000000005
2025-11-08,26012,5,00:19:00,08:45 PM,09:04 PM,0.3500000000000001,0.0,0.5999999999999996,1.6,3.899999999999999,6.600000000000001,4.271925625005679,13.49029144738635,83.6,82.4,4.0,0.3773584905660377,1.544970717974807,20.8421052631579,51.08
2025-11-09,26006,1,01:53:35,09:07 AM,11:00 AM,2.5,0.0,4.1,15.6,25.8,49.7,20.03921475000243,10.58564535583401,89.2,78.4,21.6,0.302945301542777,2.480137102178317,26.2538517975055,55.84210526315789
2025-11-09,26006,2,02:50:53,11:34 AM,02:25 PM,3.7,0.0,5.0,3.0,29.4,40.7,25.47621100000106,8.945124314835054,78.0,69.2,28.4,0.4109985528219971,1.597568806444503,14.29045157514874,60.75789473684222
2025-11-09,26008,1,01:34:29,12:04 AM,01:39 AM,1.2,0.0,4.100000000000001,13.05,13.3,31.50000000000001,16.31098875000316,10.35801014288435,61.6,54.4,14.00000000000001,0.3076923076923077,1.931213397470703,20.00352795907569,47.30947368421054
2025-11-09,26010,1,03:01:58,08:49 AM,11:50 AM,3.75,0.0,8.1,18.6,28.9,60.10000000000001,26.25292474999151,8.656395777612149,88.8,76.0,24.7,0.2912735849056604,2.289268741381642,19.81681626671552,57.69450549450537
2025-11-09,26010,2,03:31:05,12:45 PM,04:16 PM,3.6,0.25,7.15,15.7,28.5,56.09999999999999,29.67046524999023,8.433768251082892,74.4,62.0,28.2,0.3345195729537366,1.890769137838796,15.94630872483221,61.7127962085306
2025-11-09,26013,1,03:56:12,09:25 AM,01:22 PM,3.2,0.0,7.25,21.75,78.19999999999999,112.0,61.12302252800146,15.52659336020359,68.4,42.4,50.0,0.308641975308642,1.832370117964814,28.45046570702794,60.15932203389823
2025-11-09,26013,2,03:05:58,01:58 PM,05:04 PM,2.65,0.0,5.449999999999999,12.5,54.10000000000001,74.9,46.29462498400244,14.93642677383122,41.6,24.0,35.8,0.3233965672990063,1.617898406691542,24.16562107904642,60.63548387096762
2025-11-10,26003,1,02:34:48,01:56 PM,04:31 PM,4.25,0.0,6.8,29.5,30.6,76.60000000000001,24.38881175000279,9.4530278100786,71.6,52.8,31.0,0.2881040892193308,3.140784421364491,29.68992248062016,45.56387096774212
2025-11-10,26003,2,01:00:19,04:37 PM,05:37 PM,1.65,0.0,2.65,8.35,10.1,23.4,8.69919399999344,8.653522630554404,51.6,45.6,12.4,0.3463687150837989,2.689904375051027,23.27714838353136,42.85901639344261
2025-11-10,26003,3,01:08:21,06:33 PM,07:41 PM,1.7,0.0,2.75,15.35,11.7,33.0,10.87399250000453,9.545567666426804,45.2,36.8,13.5,0.2903225806451613,3.034763910310426,28.96854425749817,40.32173913043474
2025-11-10,26003,4,02:12:43,07:48 PM,10:00 PM,2.85,0.0,5.850000000000001,17.85,23.6,51.2,21.90332774999843,9.902295604670895,36.8,24.0,27.7,0.3510773130544994,2.337544348712203,23.14705512997614,38.72631578947357
2025-11-10,26006,1,00:46:16,08:02 AM,08:48 AM,1.05,0.0,1.65,8.549999999999999,5.500000000000001,16.8,5.825353125001129,7.554492525217603,86.4,83.2,5.2,0.2363636363636364,2.883945340222914,21.78674351585014,47.98823529411768
2025-11-10,26006,2,00:18:06,08:54 AM,09:12 AM,0.3999999999999999,0.0,0.5999999999999996,2.199999999999999,0.8999999999999995,4.100000000000001,2.407812625002407,7.981699309400243,82.4,81.6,2.499999999999999,0.3787878787878786,1.702790307445914,13.59116022099448,48.2
2025-11-10,26006,3,01:56:39,09:17 AM,11:14 AM,3.0,0.0,3.899999999999999,11.8,18.3,37.3,16.15564599999925,8.309805057865024,81.2,72.8,17.7,0.3218181818181819,2.3087903758229,19.18559794256322,46.62040816326532
2025-11-10,26006,4,00:17:06,11:44 AM,12:01 PM,0.4000000000000004,0.0,0.6000000000000014,2.450000000000003,4.199999999999999,7.5,2.873840874999587,10.08365219298101,71.6,70.0,2.599999999999998,0.2574257425742573,2.609747834420748,26.31578947368421,44.72857142857144
2025-11-10,26006,5,02:22:47,12:09 PM,02:32 PM,3.6,0.0,5.450000000000001,23.45,23.99999999999999,56.30000000000001,20.34990025000297,8.551376316097901,69.6,56.8,22.4,0.2846251588310038,2.766598327674445,23.65822341543131,45.98103448275864
2025-11-10,26006,6,00:12:04,02:38 PM,02:50 PM,0.3000000000000007,0.0,0.3999999999999986,1.300000000000004,1.000000000000007,3.200000000000017,1.009727875003591,5.020746339796863,56.4,55.6,0.8999999999999986,0.21951219512195,3.169170703531024,15.91160220994484,44.60000000000002
2025-11-10,26006,7,00:39:13,02:55 PM,03:34 PM,0.8999999999999986,0.0,1.300000000000001,4.399999999999999,7.100000000000009,14.0,6.990423750001355,10.69508096047806,54.8,51.6,8.0,0.3636363636363636,2.002739819599246,21.41946451338717,44.06486486486485
2025-11-10,26006,8,01:35:30,05:28 PM,07:04 PM,1.55,0.0,3.25,17.2,19.3,40.7,15.76728912499675,9.906150235600053,68.0,58.8,15.4,0.2745098039215687,2.581293440955304,25.57068062827225,39.34999999999994
2025-11-10,26008,1,05:27:43,07:41 AM,01:09 PM,4.4,0.0,12.9,37.35,51.4,105.1,49.94145138300519,9.143529724803878,90.8,68.4,47.9,0.3130718954248366,2.104464269449826,19.24223160250216,48.76146788990832
2025-11-10,26008,2,04:00:15,02:08 PM,06:08 PM,2.8,0.0,13.65,32.8,35.9,85.0,39.6124012500004,9.892795317377832,81.6,63.2,29.1,0.2550394390885189,2.145792663856729,21.22788761706556,43.83500000000003
2025-11-10,26008,3,02:12:41,07:05 PM,09:18 PM,1.65,0.0,7.5,20.25,17.6,46.90000000000001,20.19455750000634,9.132069714862808,59.6,48.8,15.6,0.2496,2.322407906188847,21.20839090566512,39.44360902255629
2025-11-10,26009,1,02:32:05,09:57 AM,12:29 PM,2.1,0.0,6.15,26.2,27.7,61.4,25.08785412499856,9.897673956163814,89.2,74.8,26.2,0.2990867579908676,2.447399434566169,24.22356164383562,45.27058823529425
2025-11-10,26009,2,06:58:15,02:25 PM,09:24 PM,4.5,0.0,19.9,67.35,61.40000000000001,151.2,62.91381374999764,9.02529306634754,83.2,46.0,54.8,0.2660194174757282,2.403287783519651,21.69037656903766,39.87285714285716
2025-11-10,26010,1,06:11:58,05:48 AM,12:00 PM,6.25,0.0,12.45,47.05,55.7,123.6,55.45736174999911,8.945537337574908,80.8,53.2,57.8,0.3186328555678059,2.228739271031082,19.93727036472802,47.78760107816699
2025-11-10,26010,2,01:35:30,12:27 PM,02:02 PM,1.600000000000001,0.0,3.349999999999998,8.600000000000001,16.10000000000001,30.40000000000001,15.53427499999816,9.759753926700416,52.0,44.4,16.59999999999999,0.353191489361702,1.956962909437589,19.09947643979058,46.45625000000003
2025-11-10,26012,1,01:05:20,06:42 AM,07:47 AM,0.6499999999999999,0.0,2.600000000000001,7.55,9.3,20.1,8.298409704999358,7.620988504591248,91.2,86.8,8.2,0.2897526501766784,2.422150835465596,18.45918367346939,49.70000000000001
2025-11-10,26012,2,03:40:38,07:56 AM,11:37 AM,3.7,0.0,8.65,21.3,44.80000000000001,77.7,41.39884287500172,11.25818358891118,86.4,69.6,47.8,0.3808764940239043,1.876864052326409,21.13008007251851,48.18378378378384
2025-11-10,26012,3,06:26:12,12:31 PM,06:57 PM,4.5,0.0,14.25,49.6,52.9,120.6,50.09803687500244,7.783226857846055,78.4,51.2,46.4,0.2778443113772455,2.407279955917318,18.73640600725013,43.65116279069764
2025-11-10,26013,1,07:39:23,05:50 AM,01:30 PM,5.95,0.0,13.8,61.7,66.1,148.6,63.84711299199262,8.339063482609783,85.2,51.6,58.4,0.2821256038647343,2.327434915007616,19.40862750789101,48.83275109170312
2025-11-10,26014,1,04:52:31,06:39 AM,11:31 AM,4.399999999999999,0.0,15.85,17.75,39.8,78.19999999999999,37.5929455000005,7.710934066435063,86.8,65.2,28.9,0.2698412698412698,2.080177516284244,16.04011167454846,48.39109589041092
2025-11-10,26014,2,03:46:10,02:19 PM,06:05 PM,3.05,0.0,7.949999999999999,26.4,52.2,90.60000000000001,40.85514325000258,10.83850521002279,58.4,32.4,32.8,0.2658022690437601,2.217591049567407,24.03537214443626,43.23805309734519
2025-11-11,26003,1,07:48:26,07:57 AM,03:45 PM,11.4,0.0,21.95,84.8,63.79999999999998,186.4,58.02051712500543,7.431646682203783,67.6,22.0,79.9,0.300037551633496,3.212656646930611,23.8753291112218,41.28522483940019
2025-11-11,26006,1,06:02:53,05:52 AM,11:55 AM,8.4,0.0,14.25,74.25,64.7,165.1,54.99257624199527,9.092604348100075,79.6,42.0,54.2,0.2471500227998176,3.002223414183692,27.29802966977449,35.16243093922659
2025-11-11,26006,2,01:32:29,12:32 PM,02:05 PM,2.1,0.0,3.350000000000001,17.0,17.09999999999999,39.09999999999999,15.37893225000153,9.977321337178859,40.4,31.2,15.40000000000001,0.2825688073394497,2.542439186569413,25.36673274463867,39.62580645161287
2025-11-11,26006,3,02:04:39,05:32 PM,07:36 PM,2.45,0.0,4.5,20.65,22.4,48.5,17.39838800000143,8.374675330927284,78.4,67.6,21.6,0.3081312410841655,2.787614576706532,23.3453670276775,39.50239999999993
2025-11-11,26008,1,04:16:20,06:57 AM,11:14 AM,4.0,0.0,10.7,32.65,67.0,113.0,52.19702811299794,12.21776990941434,78.4,52.4,39.9,0.2609548724656638,2.164874209990915,26.44993498049415,36.92187499999994
2025-11-11,26008,2,02:05:40,12:15 PM,02:20 PM,1.85,0.0,5.149999999999999,12.2,31.3,50.3,27.65100950000488,13.20207350132859,51.6,39.6,21.5,0.2994428969359332,1.819101758291723,24.01591511936339,41.05714285714286
2025-11-11,26008,3,01:27:28,03:58 PM,05:25 PM,1.4,0.0,5.0,15.2,17.3,38.7,15.30126087499957,10.49629175876495,67.2,58.4,16.4,0.2976406533575317,2.529203332728688,26.54725609756098,41.06136363636364
2025-11-11,26008,4,03:28:05,06:31 PM,09:59 PM,2.45,0.0,12.75,28.05,31.39999999999999,73.8,33.01033437500155,9.518398378054112,55.6,38.0,32.2,0.3037735849056604,2.235663509542882,21.27993592310773,40.87884615384617
2025-11-11,26009,1,06:51:07,06:52 AM,01:43 PM,4.3,0.0,17.65,80.0,62.5,161.4,55.50893554299546,8.101194630671896,78.4,38.0,53.5,0.2489530013959981,2.907639975819473,23.55535736003567,37.60970873786398
2025-11-11,26009,2,03:49:15,03:14 PM,07:04 PM,0.0,0.0,11.95,43.75,29.6,88.1,32.07827787499991,8.395623435114482,70.4,48.4,26.5,0.231239092495637,2.746406784781311,23.05779716466739,40.47792207792213
2025-11-11,26009,3,00:53:17,07:39 PM,08:32 PM,0.75,0.0,3.3,11.7,10.5,25.9,9.941935999995621,11.19517347512801,58.0,51.2,7.2,0.2175226586102719,2.605126405964734,29.16484203941194,39.30000000000002
2025-11-11,26009,4,00:33:10,08:42 PM,09:15 PM,0.3500000000000001,0.0,2.05,6.199999999999999,5.200000000000001,13.5,5.281653500001994,9.554750050254864,50.8,47.6,3.6,0.2105263157894736,2.556017731946048,24.42211055276382,39.46470588235297
2025-11-11,26009,5,00:33:11,09:24 PM,09:57 PM,0.3999999999999999,0.0,1.4,6.550000000000001,5.399999999999995,13.7,5.203982125000039,9.409510622802681,46.8,43.2,3.600000000000001,0.208092485549133,2.632599357746622,24.77147162230036,39.20000000000002
2025-11-11,26009,6,01:51:39,10:06 PM,11:58 PM,1.15,0.0,4.699999999999999,23.65,16.1,45.1,18.56345862499438,9.975884617104011,42.8,31.2,13.1,0.2250859106529209,2.429504162509676,24.23645320197044,37.00176991150445
2025-11-11,26010,1,00:23:08,05:54 AM,06:17 AM,0.35,0.0,0.9999999999999998,4.1,6.5,13.6,5.361188987997593,13.90510112160759,81.6,78.8,3.6,0.2093023255813954,2.536750715269899,35.27377521613833,30.125
2025-11-11,26010,2,06:41:07,06:19 AM,01:00 PM,6.05,0.0,19.25,69.7,59.2,161.2,53.74859149999975,8.039844160053148,78.4,41.6,48.9,0.2327463112803427,2.99914835907841,24.11268541986953,36.8330000000002
2025-11-11,26010,3,02:16:43,01:44 PM,04:01 PM,2.05,0.0,4.600000000000001,20.9,26.1,54.1,22.9907269999967,10.08979851273779,58.4,45.2,26.4,0.3279503105590062,2.353122630702708,23.74253321955382,40.96058394160584
2025-11-11,26012,1,08:54:16,06:36 AM,03:31 PM,7.0,0.0,22.3,72.10000000000001,89.30000000000001,188.7,66.48669700000028,7.466686710756209,78.8,35.6,62.7,0.2494033412887828,2.838161745348836,21.1916645869728,38.66604477611931
2025-11-11,26013,1,00:30:09,06:36 AM,07:06 AM,0.3,0.0,1.6,9.399999999999999,14.1,25.0,10.48874248000357,20.87311936319118,83.2,76.4,3.8,0.1319444444444444,2.383507846404052,49.75124378109453,31.8258064516129
2025-11-11,26013,2,00:25:08,07:57 AM,08:22 AM,0.25,0.0,1.6,7.6,11.4,20.9,9.862400512000022,23.54419220371358,76.0,70.4,6.6,0.24,2.119159526584835,49.89389920424403,36.84615384615386
2025-11-11,26013,3,02:24:45,10:01 AM,12:26 PM,1.95,0.0,5.65,31.1,27.3,66.4,25.39667551200546,10.5271193832147,75.2,60.4,26.6,0.2860215053763441,2.61451543012437,27.52331606217617,39.21241379310341
2025-11-11,26013,4,00:32:10,12:43 PM,01:15 PM,0.0,0.0,0.7999999999999999,0.0,6.7,8.1,5.517774480002117,10.29222182798322,65.2,63.6,4.7,0.3671875,1.467983156860897,15.10880829015544,39.69090909090912
2025-11-11,26013,5,05:37:45,01:19 PM,06:57 PM,3.35,0.0,12.45,63.0,42.3,125.0,45.1264475039934,8.016541377467371,63.2,34.0,43.7,0.2590397154712507,2.769994247584818,22.20577350111029,40.98397626112769
2025-11-11,26014,1,05:35:45,06:49 AM,12:25 PM,4.45,0.0,13.0,50.40000000000001,41.00000000000001,111.8,35.26156150799943,6.301395950796622,83.2,52.8,26.9,0.193943763518385,3.170591295982087,19.97915115413254,37.79223880597017
2025-11-11,26014,2,03:49:11,02:26 PM,06:16 PM,3.0,0.0,8.45,41.09999999999999,54.7,106.4,43.10761312500108,11.28553612464576,66.8,34.0,36.0,0.252808988764045,2.468241507398407,27.85542869609483,41.01572052401747
2025-11-12,26003,1,04:39:26,06:58 AM,11:37 AM,6.100000000000001,0.0,12.15,62.1,55.6,142.9,50.56655060900084,10.85766325852338,72.4,37.6,55.1,0.2782828282828284,2.825978799799008,30.68352618394369,42.41935483870973
2025-11-12,26003,2,00:58:18,05:00 PM,05:59 PM,1.6,0.0,2.45,14.85,14.8,33.3,10.64097837499867,10.95126419382367,74.0,66.4,14.4,0.3018867924528302,3.129411490792938,34.27101200686106,49.26779661016947
2025-11-12,26003,3,00:52:18,06:23 PM,07:15 PM,0.8999999999999999,0.0,2.15,7.8,6.6,17.3,7.301109249994624,8.376033556399186,64.0,60.0,9.0,0.3422053231939164,2.369502962856327,19.84703632887189,50.74716981132076
2025-11-12,26006,1,07:40:25,07:59 AM,03:39 PM,10.35,0.0,15.9,62.2,73.70000000000002,161.3,62.60188550800376,8.15807376755886,81.2,44.0,69.6,0.3014291901255954,2.576599709275171,21.02009049773756,45.47058823529431
2025-11-12,26006,2,02:28:47,05:21 PM,07:50 PM,2.95,0.0,4.9,19.15,19.9,45.7,19.65085787499993,7.924620628430575,75.2,64.8,20.0,0.30441400304414,2.325598215136456,18.42948358911169,49.15436241610735
2025-11-12,26008,1,05:10:36,07:16 AM,12:26 PM,4.850000000000001,0.0,11.5,38.05,69.99999999999999,123.9,64.38956987499841,12.43842302801,82.8,54.4,60.2,0.3269961977186311,1.924224687950722,23.9343206696716,43.27032258064529
2025-11-12,26008,2,01:08:22,01:15 PM,02:23 PM,0.95,0.0,2.05,2.95,13.7,20.3,15.53427499999816,13.63320087761906,54.0,49.2,11.2,0.3555555555555555,1.306787732288916,17.81569965870307,50.0
2025-11-12,26008,3,03:03:57,03:55 PM,06:59 PM,3.25,0.0,6.149999999999999,22.9,32.40000000000001,64.2,27.02963849999651,8.816408317476437,76.4,61.6,35.3,0.3547738693467337,2.375170500338297,20.94047295460723,50.67499999999993
2025-11-12,26008,4,04:29:23,07:29 PM,11:58 PM,3.7,0.0,9.35,29.45,44.6,86.39999999999999,37.51527412499854,8.3558118449542,60.8,40.4,42.7,0.3307513555383423,2.303061939841373,19.24395223658974,48.58141263940525
2025-11-12,26009,1,03:22:03,10:06 AM,01:28 PM,2.7,0.0,7.300000000000001,24.6,26.59999999999999,61.2,27.18498125000042,8.072748700816753,91.6,77.2,22.6,0.2696897374701671,2.25124304619482,18.17371937639198,46.24039408866996
2025-11-12,26009,2,03:35:10,01:50 PM,05:25 PM,3.2,0.0,7.299999999999999,31.75,33.99999999999999,75.80000000000001,33.01033437500155,9.205050639039936,76.8,58.4,38.1,0.334503950834065,2.296250596522364,21.13710302091402,49.86666666666684
2025-11-12,26009,3,03:33:11,06:31 PM,10:04 PM,2.65,0.0,8.600000000000001,28.15000000000001,29.39999999999999,68.1,32.93266299999959,9.268828613869012,56.0,38.8,34.90000000000001,0.3388349514563108,2.067855854839338,19.16660151669142,49.41121495327116
2025-11-12,26010,1,06:57:12,05:55 AM,12:52 PM,5.7,0.0,14.5,67.64999999999999,60.3,152.5,58.2547739919828,8.377963661358985,78.8,43.2,52.4,0.255734504636408,2.617811203267006,21.93192713326942,42.09903846153841
2025-11-12,26010,2,06:44:06,02:35 PM,09:19 PM,6.5,0.0,12.4,28.35,71.39999999999998,121.6,57.86517437500879,8.591711117299004,75.2,47.2,59.8,0.3296582138919515,2.101436681274695,18.05493689680772,49.9732009925559
2025-11-12,26012,1,04:55:32,06:01 AM,10:56 AM,4.85,0.0,12.15,40.55,48.8,105.3,44.27268375000131,8.988363495375857,79.2,55.2,52.4,0.3322764743183259,2.37844176320115,21.37829912023461,40.53783783783763
2025-11-12,26012,2,00:25:01,11:32 AM,11:57 AM,0.4000000000000004,0.0,0.9500000000000011,2.350000000000001,5.0,8.5,4.271925624998403,10.24579097268105,54.0,52.0,5.200000000000003,0.3795620437956206,1.989735015577004,20.38640906062625,46.53846153846154
2025-11-12,26012,3,02:03:19,12:06 PM,02:09 PM,2.15,0.0,4.850000000000001,10.5,20.5,37.5,19.80620062500384,9.636751216382459,51.6,42.8,24.09999999999999,0.3912337662337662,1.893346468108531,18.24570887957832,48.91129032258061
2025-11-12,26012,4,01:43:26,03:23 PM,05:06 PM,1.4,0.0,3.4,8.35,22.9,35.3,18.64112999999634,10.81341733805782,59.2,50.8,24.1,0.4057239057239058,1.893662025853955,20.47695778279085,50.12115384615384
2025-11-12,26013,1,00:22:06,07:22 AM,07:44 AM,0.15,0.0,0.6499999999999999,1.4,13.7,15.9,10.40920699199341,28.26029047600022,80.4,77.2,4.5,0.2205882352941177,1.527493882313034,43.16742081447964,39.20000000000002
2025-11-12,26013,2,00:22:07,10:13 AM,10:35 AM,0.1,0.0,0.6000000000000001,1.35,11.3,13.2,10.01650051999604,27.17362612809778,73.2,70.4,5.0,0.2747252747252747,1.317825519366639,35.81009796533534,45.06956521739131
2025-11-12,26013,3,06:30:01,12:28 PM,06:58 PM,4.899999999999999,0.0,11.6,41.7,47.40000000000001,108.0,50.7187865040105,7.802556788788419,68.8,43.6,51.5,0.322884012539185,2.129388485890925,16.61467458655613,49.97223650385607
2025-11-12,26014,1,05:01:34,06:40 AM,11:42 AM,4.55,0.0,11.85,46.65,40.6,104.3,36.19361800800107,7.201117764386197,85.6,57.2,28.4,0.214016578749058,2.881723512055168,20.75163037470985,41.65182724252488
2025-11-12,26014,2,01:33:29,11:57 AM,01:30 PM,1.050000000000001,0.0,3.1,6.600000000000001,16.00000000000001,27.09999999999999,13.90317612500075,8.923414877875329,56.4,48.4,10.9,0.2868421052631579,1.949194900240719,17.39347477268675,48.83191489361697
2025-11-12,26014,3,04:00:15,02:23 PM,06:23 PM,2.95,0.0,8.0,24.5,49.90000000000001,83.1,41.55418562499835,10.3777362643076,69.6,45.2,36.2,0.3034367141659682,1.99979854616639,20.75338189386056,49.96250000000016
2025-11-13,26003,1,04:45:30,06:45 AM,11:30 AM,0.0,0.0,10.45,34.85,47.09999999999999,102.8,49.86502275000385,10.47951441331079,72.8,48.0,43.7,0.2982935153583618,2.061565288265954,21.60420315236427,49.72842105263143
2025-11-13,26006,1,07:54:27,07:46 AM,03:40 PM,9.5,0.0,18.05,49.9,72.60000000000001,149.4,60.58367250000447,7.661545684477328,78.4,44.4,68.2,0.3134191176470588,2.466010953693654,18.89345558014543,50.44904862579274
2025-11-13,26006,2,03:01:56,04:39 PM,07:41 PM,4.600000000000001,0.0,6.350000000000001,28.6,39.00000000000001,76.1,29.35977975000424,9.682595007330088,66.0,48.0,36.7,0.325354609929078,2.591981297134527,25.09710516672774,45.53956043956056
2025-11-13,26008,1,00:19:06,12:06 AM,12:25 AM,0.1500000000000004,0.0,0.6499999999999986,2.200000000000003,1.900000000000006,4.800000000000011,2.252469874998496,7.075821596853915,40.0,39.2,1.400000000000006,0.2258064516129035,2.130994093762615,15.07853403141365,44.33000000000001
2025-11-13,26008,2,02:22:45,10:03 AM,12:26 PM,1.9,0.0,4.5,19.15,26.8,52.2,25.3979182539988,10.67513201569126,84.4,73.2,27.8,0.3475,2.05528655844781,21.94045534150613,52.81958041958051
2025-11-13,26008,3,01:22:25,03:29 PM,04:51 PM,1.2,0.0,2.550000000000001,9.399999999999999,14.7,27.8,13.98084750000271,10.17817007078054,75.2,68.8,18.6,0.4008620689655172,1.988434535173538,20.23862487360971,49.97831325301203
2025-11-13,26009,1,04:43:12,06:54 AM,11:37 AM,4.100000000000001,0.0,12.85,56.95,63.70000000000001,135.7,54.83599075000529,11.61779465042485,80.8,47.6,56.4,0.2935970848516397,2.474652106107647,28.75,49.30281690140831
2025-11-13,26009,2,06:26:23,12:33 PM,07:00 PM,4.2,0.0,12.85,35.9,47.59999999999999,100.2,50.09803687500244,7.779533828667936,67.2,42.8,49.2,0.3293172690763052,2.000078371334288,15.55967734978217,49.02113402061865
2025-11-13,26010,1,07:08:13,05:49 AM,12:58 PM,6.95,0.0,13.9,46.84999999999999,60.5,130.6,58.87490224999783,8.249314914567867,79.2,49.6,52.5,0.2867285636264337,2.218262706330095,18.29914762775853,48.93770491803267
2025-11-13,26010,2,04:07:18,02:10 PM,06:18 PM,3.9,0.0,12.0,23.75,36.8,77.5,39.53472987499845,9.591927992316647,78.0,60.4,28.9,0.2716165413533834,1.960301745959584,18.80307319045693,49.09635627530362
2025-11-13,26010,3,02:11:41,07:00 PM,09:11 PM,1.95,0.0,6.55,17.35,19.6,47.3,20.97127125000407,9.555319136819977,60.0,49.2,15.5,0.2468152866242038,2.255466511120103,21.55170231616251,42.17272727272724
2025-11-13,26012,1,05:55:02,06:01 AM,11:56 AM,5.55,0.0,13.85,34.65000000000001,56.09999999999999,109.1,52.89420637500007,8.939026520983957,89.6,64.8,64.4,0.3711815561959654,2.062607750015606,18.43770537977655,49.17584269662902
2025-11-13,26012,2,01:22:25,12:36 PM,01:58 PM,1.4,0.0,2.950000000000003,5.900000000000006,15.19999999999999,25.09999999999999,13.35947650000162,9.725806956522918,64.0,58.4,17.40000000000001,0.4094117647058825,1.878816134748764,18.27300303336703,51.82168674698797
2025-11-13,26012,3,03:04:07,03:56 PM,07:00 PM,3.65,0.0,6.2,19.25,32.59999999999999,61.3,26.95196712500183,8.7831159274017,87.6,74.8,30.1,0.3293216630196937,2.274416546877405,19.97646419842491,47.55783783783765
2025-11-13,26012,4,01:11:15,07:24 PM,08:35 PM,1.100000000000001,0.0,2.6,8.45,12.59999999999999,24.5,9.864264625000942,8.30674915789553,74.0,68.4,10.2,0.2939481268011528,2.483712768400884,20.63157894736842,43.27500000000003
2025-11-13,26012,5,00:29:45,08:46 PM,09:16 PM,0.5999999999999996,0.0,1.25,3.899999999999999,6.000000000000007,11.5,5.359324875003949,10.80872243698276,68.0,65.2,4.899999999999999,0.298780487804878,2.14579266385517,23.19327731092437,39.83870967741935
2025-11-13,26012,6,01:50:03,09:25 PM,11:15 PM,1.600000000000001,0.0,4.450000000000001,15.5,18.40000000000001,39.70000000000002,16.15564599999925,8.808166833257202,64.8,56.0,15.09999999999999,0.2755474452554743,2.457345252551452,21.64470695138574,38.32432432432432
2025-11-13,26012,7,00:31:09,11:24 PM,11:55 PM,0.5,0.0,1.25,4.150000000000006,5.900000000000006,11.90000000000001,5.514667625000584,10.62215272873307,56.0,53.2,4.900000000000006,0.2916666666666668,2.157881636610646,22.92134831460675,40.55
2025-11-13,26013,1,07:20:16,06:59 AM,02:19 PM,5.55,0.0,12.0,19.4,80.10000000000001,118.9,80.00275899200642,10.90285934173316,75.6,48.0,62.3,0.3438189845474613,1.486198744869287,16.2038158691702,49.94669703872414
2025-11-13,26013,2,02:25:45,05:20 PM,07:45 PM,1.7,0.0,4.65,21.35,18.4,46.1,19.33706551999785,7.96037002538505,87.6,78.0,21.8,0.321060382916053,2.384022537045483,18.97770154373928,46.20273972602745
2025-11-13,26014,1,06:01:52,06:34 AM,12:36 PM,5.050000000000001,0.0,12.65,36.2,47.9,101.6,44.42802649999794,7.366474548636357,76.0,47.2,35.1,0.2567666422823702,2.286844769033455,16.84598378776713,50.12465373961206
2025-11-13,26014,2,03:38:08,01:53 PM,05:31 PM,3.6,0.0,8.0,27.2,48.0,84.8,32.93266300000687,9.05849532396277,75.6,51.2,37.3,0.3054873054873055,2.574951196627564,23.32518337408313,50.41284403669746
2025-11-13,26014,3,03:26:03,06:31 PM,09:57 PM,3.2,0.0,7.800000000000001,32.15000000000001,43.90000000000001,85.50000000000001,32.93266299999959,9.589710167434971,49.6,24.8,33.2,0.2796967144060656,2.596206689996526,24.89686969182238,43.66504854368938
2025-11-14,26003,1,07:17:16,11:51 AM,07:09 PM,10.15,0.0,15.35,57.4,55.7,145.7,54.44763387500279,7.471088654902045,70.8,35.6,59.7,0.2906523855890945,2.675965687223218,19.99237688672054,52.64220183486219
2025-11-14,26005,1,00:22:07,10:23 AM,10:45 AM,0.35,0.0,0.7499999999999998,1.1,12.1,16.1,9.789078734000213,26.55665670113095,60.4,56.4,4.9,0.2333333333333333,1.644690009906671,43.67746797287113,49.9217391304348
2025-11-14,26005,2,02:20:44,11:45 AM,02:05 PM,3.0,0.0,4.050000000000001,8.35,22.8,36.7,21.82565637499647,9.305111671007497,55.6,46.8,19.2,0.3434704830053668,1.681507276090153,15.64661297963051,53.37021276595751
2025-11-14,26006,1,04:01:16,06:56 AM,10:58 AM,5.15,0.0,9.350000000000001,40.5,35.39999999999999,89.39999999999999,30.52485037499719,7.591148200469044,79.2,59.2,33.2,0.2707993474714519,2.928761284714675,22.23266095606521,44.03983402489624
2025-11-14,26006,2,04:06:16,11:30 AM,03:36 PM,5.350000000000001,0.0,8.950000000000001,18.2,37.20000000000002,69.4,35.41814699999668,8.629218272874123,58.4,42.0,38.09999999999999,0.3544186046511628,1.959447511469375,16.90850027070926,52.61951219512174
2025-11-14,26006,3,02:43:52,04:59 PM,07:43 PM,3.65,0.0,5.9,24.8,34.9,69.30000000000001,26.71895300000324,9.783180512613065,70.0,54.0,32.4,0.3185840707964601,2.593664504742817,25.37428803905615,48.74878048780474
2025-11-14,26008,1,04:17:20,06:53 AM,11:11 AM,3.7,0.0,9.7,19.5,58.7,91.10000000000001,52.27221400399139,12.18782191802908,80.8,60.8,38.9,0.2992307692307692,1.742799721340363,21.24093264248705,44.78984374999996
2025-11-14,26008,2,02:06:39,12:15 PM,02:21 PM,1.7,0.0,3.4,0.0,25.8,31.3,27.72868087500683,13.13636677852673,57.6,50.0,21.4,0.4060721062618595,1.128795132415122,14.82826687722069,54.29448818897649
2025-11-14,26008,3,02:01:39,07:31 PM,09:32 PM,1.9,0.0,4.9,12.8,24.5,43.8,20.11688612499711,9.922015351416578,79.2,69.6,21.0,0.3240740740740741,2.17727533614531,21.60295930949445,48.22950819672123
2025-11-14,26008,4,02:03:38,09:47 PM,11:51 PM,1.75,0.0,4.85,16.1,18.4,40.8,18.0974303749972,8.782791770017514,69.2,60.0,18.0,0.3061224489795919,2.254463708636111,19.8004853060124,46.99516129032254
2025-11-14,26009,1,06:14:14,05:52 AM,12:06 PM,5.0,0.0,17.0,61.7,61.19999999999999,143.9,57.24628885900165,9.178170477082299,82.8,48.0,68.4,0.3221855864342911,2.513700064547896,23.07116772067337,44.34079999999998
2025-11-14,26009,2,02:23:45,03:09 PM,05:32 PM,1.75,0.0,4.05,10.9,20.4,37.59999999999999,20.19455749999906,8.429032695651783,81.6,70.4,22.2,0.37123745819398,1.861887788331175,15.69391304347826,50.85000000000001
2025-11-14,26010,1,07:05:14,05:55 AM,01:00 PM,6.699999999999999,0.0,16.1,51.55,62.2,140.4,58.95195225400676,8.318061774493389,78.8,46.8,54.6,0.28,2.381600517571621,19.81030022732617,45.65283018867915
2025-11-14,26010,2,04:51:31,02:16 PM,07:07 PM,4.850000000000001,0.0,10.05,36.25,49.70000000000001,103.8,51.57379300000321,10.61492509290558,76.0,52.0,44.1,0.2981744421906694,2.012650107002864,21.3641301240638,50.97113402061873
2025-11-14,26010,3,01:46:34,07:32 PM,09:19 PM,1.35,0.0,5.549999999999999,13.25,11.49999999999999,33.30000000000001,13.51481925000553,7.609219471382532,50.8,42.8,11.8,0.2616407982261641,2.463961920910366,18.74882702533626,47.57757009345789
2025-11-14,26011,1,03:07:09,11:32 AM,02:39 PM,3.2,0.0,4.75,4.3,30.0,41.1,33.24334850000014,10.6577660165643,83.6,74.8,28.6,0.4103299856527977,1.236337548848301,13.17659631311782,51.0588235294118
2025-11-14,26012,1,04:50:17,06:55 AM,11:45 AM,4.6,0.0,11.0,37.75,56.2,108.2,50.40872237500298,10.41921114715569,74.0,48.4,44.7,0.2923479398299542,2.146453925078152,22.36435666303037,45.41649484536078
2025-11-14,26012,2,06:20:13,12:36 PM,06:56 PM,5.15,0.0,11.2,18.2,50.5,83.89999999999999,49.47666587500134,7.807653405952959,64.8,44.8,50.7,0.3766716196136702,1.695748864969324,13.2398194012186,51.79527559055106
2025-11-14,26013,1,07:51:26,07:51 AM,03:42 PM,5.850000000000001,0.0,14.3,44.9,63.80000000000001,131.3,61.97802902400144,7.888033107770813,76.0,45.6,63.3,0.3252826310380267,2.118492666960305,16.71074029555257,52.19829787234018
2025-11-14,26013,2,02:22:45,05:20 PM,07:42 PM,1.75,0.0,4.15,9.6,17.6,34.40000000000001,19.41660100800073,8.161093243292774,40.8,32.4,20.8,0.3768115942028986,1.771679810787958,14.45884413309983,49.16923076923068
2025-11-14,26014,1,03:45:10,06:51 AM,10:36 AM,3.6,0.0,8.6,33.0,33.40000000000001,77.8,29.74813662499946,7.926964607697858,83.2,63.2,23.8,0.234251968503937,2.615289857671931,20.73131014063657,43.90399999999997
2025-11-14,26014,2,00:54:17,10:51 AM,11:45 AM,0.9000000000000004,0.0,1.75,1.399999999999999,5.799999999999997,9.799999999999997,5.747681749999174,6.352979521030711,63.2,61.2,4.600000000000001,0.3194444444444446,1.705035251821555,10.83205403745778,54.38545454545456
2025-11-14,26014,3,04:43:28,01:47 PM,06:31 PM,3.65,0.0,9.25,22.95,56.09999999999999,89.60000000000001,47.45721012500144,10.04503506879146,81.6,58.8,41.2,0.3149847094801223,1.888016589344279,18.96519285042334,51.51378091872797
2025-11-15,26006,1,06:34:02,08:46 AM,03:20 PM,6.949999999999999,0.0,12.8,37.95,58.3,116.8,52.73699951200251,8.030335768683235,86.4,60.8,53.9,0.3157586408904511,2.214763848546546,17.78529735216987,51.58931297709903
2025-11-15,26009,1,02:30:07,02:44 PM,05:14 PM,2.05,0.0,7.899999999999999,23.8,20.9,54.90000000000001,20.9725139919974,8.382485885554642,85.6,72.8,18.9,0.2560975609756097,2.617711926235858,21.94293327412013,49.74966887417213
2025-11-15,26009,2,01:53:14,05:22 PM,07:15 PM,1.45,0.0,6.1,13.3,14.4,35.40000000000001,16.15564599999925,8.560542478657243,72.4,63.6,12.9,0.2670807453416149,2.191184431746131,18.75772740653518,49.00526315789465
2025-11-15,26009,3,01:51:06,07:23 PM,09:14 PM,1.05,0.0,5.149999999999999,14.4,12.1,32.59999999999999,13.12646237500303,7.088998582359872,63.2,55.2,10.6,0.2453703703703704,2.483532810948423,17.60576057605761,48.60178571428565
2025-11-15,26009,4,01:13:12,09:22 PM,10:36 PM,0.7000000000000002,0.0,3.899999999999999,9.0,8.800000000000004,22.90000000000001,10.87399249999726,8.913108606555129,54.8,49.2,8.199999999999996,0.2636655948553053,2.105942228671372,18.77049180327869,48.12799999999995
2025-11-15,26009,5,00:30:10,10:44 PM,11:14 PM,0.3499999999999996,0.0,1.599999999999998,3.799999999999997,4.399999999999991,10.5,5.359324874996673,10.65943069060112,48.8,46.4,4.200000000000003,0.2857142857142859,1.959201997435641,20.88397790055249,48.02580645161292
2025-11-15,26012,1,00:55:50,10:50 AM,11:46 AM,0.95,0.0,2.05,7.3,13.7,23.6,10.40982836299372,11.1866812259037,85.6,80.4,12.0,0.3370786516853933,2.267088291666412,25.36119402985074,50.0947368421053
2025-11-15,26012,2,00:36:01,12:00 PM,12:36 PM,0.7,0.0,1.25,1.25,7.100000000000001,10.2,5.903024499995809,9.83382147153397,79.6,77.2,8.099999999999998,0.4426229508196722,1.727927776685873,16.9921332716335,53.55135135135133
2025-11-15,26012,3,00:54:07,12:59 PM,01:53 PM,0.8,0.0,1.85,3.0,16.6,21.89999999999999,14.52454712500185,16.10359397905964,76.4,71.6,14.4,0.3966942148760331,1.507792278239258,24.28087465352632,54.05818181818177
2025-11-15,26012,4,01:36:54,07:30 PM,09:07 PM,1.75,0.0,3.65,10.55,23.3,38.8,18.01975899999525,11.15774551083297,82.0,73.6,18.0,0.3169014084507042,2.153191948905101,24.02476780185758,49.1183673469387
2025-11-15,26014,1,03:12:00,08:45 AM,11:57 AM,2.65,0.0,8.0,20.4,30.2,63.2,26.48531750399707,8.276661719999083,78.8,64.0,25.4,0.2866817155756208,2.386227765268893,19.75,49.32499999999996
2025-11-15,26014,2,03:51:12,12:44 PM,04:36 PM,2.8,0.0,7.799999999999999,10.95,33.8,55.5,32.38896337499318,8.405440322230064,64.0,48.0,29.2,0.3447461629279812,1.713546659626975,14.40311418685121,52.47012987012992
2025-11-16,26009,1,07:54:28,04:04 PM,11:59 PM,5.100000000000001,0.0,19.05,71.3,55.40000000000001,149.4,60.11826562100032,7.60242223674305,84.0,48.4,49.5,0.248868778280543,2.485101631870965,18.89279190670226,42.99663865546213
2025-11-16,26010,1,03:15:01,08:41 AM,11:56 AM,4.100000000000001,0.0,8.850000000000001,21.4,31.8,67.10000000000001,26.48469613300404,8.148440823759895,84.4,66.4,23.8,0.2618261826182618,2.533538601425863,20.64438936843005,56.4615384615384
2025-11-16,26010,2,03:31:06,12:45 PM,04:17 PM,4.600000000000001,0.0,9.6,24.25,33.4,72.80000000000001,29.90347937498882,8.49933094504656,64.0,42.8,27.7,0.2756218905472637,2.43449931317657,20.69161534817622,52.08151658767776
2025-11-16,26013,1,03:54:13,09:24 AM,01:18 PM,2.5,0.0,7.3,23.6,70.5,106.2,61.90346450399375,15.85799987293656,86.8,62.8,45.4,0.2994722955145119,1.715574416568372,27.20557887995446,56.83076923076918
2025-11-16,26013,2,03:06:57,01:57 PM,05:03 PM,1.850000000000001,0.0,5.800000000000001,20.2,49.09999999999999,77.0,46.44375402400328,14.90572474693874,62.4,44.4,34.0,0.3063063063063063,1.657919382662403,24.71248997058037,50.35614973262036
2025-11-16,26014,1,02:39:51,08:26 AM,11:05 AM,2.15,0.0,5.45,12.3,21.2,41.1,21.27947126599611,7.987289808944426,80.0,68.8,14.1,0.2554347826086956,1.931438966985822,15.42696277760401,56.36749999999995
2025-11-16,26014,2,05:02:33,11:27 AM,04:30 PM,4.800000000000001,0.0,10.3,18.7,45.39999999999999,78.9,42.71925624999858,8.471840604858418,68.4,45.2,34.90000000000001,0.3066783831282953,1.846942267399672,15.64700049578582,53.528476821192
2025-11-17,26003,1,00:21:06,06:42 AM,07:03 AM,0.3,0.0,0.55,0.0,13.4,16.6,10.09727874999953,28.71264099525933,71.6,67.2,3.1,0.1573604060913705,1.644007302462633,47.20379146919431,36.49999999999999
2025-11-17,26003,2,00:21:07,09:13 AM,09:34 AM,0.15,0.0,0.8999999999999999,5.55,11.3,20.5,9.708921874997031,27.58651835042566,66.0,60.8,5.3,0.2054263565891473,2.111459981235689,58.24782951854775,41.49090909090909
2025-11-17,26003,3,07:23:19,11:46 AM,07:10 PM,10.7,0.0,25.5,75.5,63.30000000000001,179.0,59.96230150000338,8.115503793376147,73.6,30.4,64.6,0.2651888341543514,2.985208965002618,24.22647467949923,45.00316742081439
2025-11-17,26005,1,02:17:43,10:06 AM,12:24 PM,3.25,0.0,5.250000000000001,27.05,32.09999999999999,66.4,25.24506098799611,10.99869533544548,79.2,64.4,26.8,0.2875536480686695,2.630217452497851,28.9289604259954,44.16956521739134
2025-11-17,26005,2,04:37:26,02:25 PM,07:03 PM,4.95,0.0,13.55,40.95,54.59999999999999,113.5,49.39899449999939,10.68343026552913,78.8,52.4,43.2,0.2756860242501596,2.297617616488154,24.54643758260243,42.5725631768954
2025-11-17,26005,3,01:35:29,07:42 PM,09:17 PM,1.45,0.0,4.149999999999999,16.75,14.2,37.19999999999999,13.59249062500021,8.541275309827327,52.0,42.8,10.7,0.2233820459290189,2.736805271844682,23.37580729621224,41.39374999999998
2025-11-17,26006,1,03:11:00,08:01 AM,11:12 AM,4.85,0.0,8.350000000000001,38.8,34.9,86.5,26.40640338700177,8.29520525246129,76.4,56.8,29.4,0.2536669542709232,3.275720617165856,27.17277486910995,41.41465968586392
2025-11-17,26006,2,03:49:12,11:48 AM,03:37 PM,5.45,0.0,11.2,32.0,43.19999999999999,91.19999999999999,34.71910462500091,9.088770844241076,58.4,36.4,40.2,0.3059360730593608,2.626795851593699,23.87434554973822,45.26026200873371
2025-11-17,26006,3,02:27:46,05:18 PM,07:46 PM,2.9,0.0,5.1,26.65,20.2,53.3,19.10715825000079,7.758376911798202,71.6,59.6,20.4,0.276797829036635,2.78953046301366,21.64222873900293,41.24324324324324
2025-11-17,26008,1,04:17:20,06:56 AM,11:13 AM,3.75,0.0,10.7,24.4,67.1,104.9,52.19329988700338,12.16942225344638,86.4,63.2,37.1,0.2612676056338028,2.009836515934128,24.45854922279793,41.27315175097276
2025-11-17,26008,2,02:03:39,12:15 PM,02:18 PM,1.8,0.0,3.7,5.5,29.0,39.9,26.71895300000324,12.96512074403715,63.2,53.6,19.6,0.3294117647058824,1.493321987579197,19.36109987868985,46.53064516129032
2025-11-17,26008,3,07:55:26,03:57 PM,11:52 PM,7.15,0.0,19.05,73.2,89.60000000000001,186.5,64.62258400000428,8.155412690177922,72.4,28.4,79.8,0.2996620352985355,2.8859879697783,23.53642291243077,42.54177215189865
2025-11-17,26009,1,01:41:03,11:50 AM,01:31 PM,1.45,0.0,4.100000000000001,17.2,16.3,38.90000000000001,15.37706813700061,9.130371976447664,91.2,82.4,13.1,0.2519230769230769,2.52974101782108,23.09747649678377,45.25294117647057
2025-11-17,26009,2,02:38:53,04:31 PM,07:10 PM,2.600000000000001,0.0,6.449999999999999,31.2,22.09999999999999,61.8,22.9907269999967,8.682116563514958,78.8,64.4,20.9,0.252720677146312,2.688040269453371,23.33787894681632,41.29249999999998
2025-11-17,26010,1,06:10:57,05:45 AM,11:56 AM,5.7,0.0,13.55,68.05,63.3,155.7,55.37969037500443,8.957491366761735,80.0,44.0,59.8,0.2774941995359629,2.811500009221342,25.18398706025071,40.1729729729728
2025-11-17,26010,2,01:30:27,12:30 PM,02:00 PM,1.3,0.0,3.050000000000001,10.05,15.29999999999999,30.40000000000001,15.30126087499957,10.1500901326697,42.8,35.6,16.2,0.3476394849785407,1.986764375063363,20.16583747927032,45.52967032967031
2025-11-17,26012,1,05:10:12,06:29 AM,11:40 AM,4.25,0.0,13.35,52.3,64.80000000000001,132.9,50.0203654999932,9.675119052223057,80.0,49.2,50.8,0.276537833424061,2.656917810806842,25.70599613152805,41.12692307692298
2025-11-17,26012,2,04:02:15,02:05 PM,06:07 PM,2.75,0.0,13.1,35.85,37.80000000000001,89.3,39.84541537499899,9.868833529411516,79.2,59.2,29.0,0.2451394759087067,2.241161226694885,22.11764705882353,43.94814814814819
2025-11-17,26012,3,01:28:03,06:56 PM,08:24 PM,1.1,0.0,3.549999999999997,12.8,13.5,30.8,13.98084750000271,9.526982964226718,56.4,48.8,9.5,0.2357320099255583,2.20301380155917,20.98807495741056,42.31460674157311
2025-11-17,26012,4,00:47:13,08:33 PM,09:20 PM,0.6000000000000005,0.0,1.949999999999999,5.449999999999996,6.600000000000016,14.89999999999998,8.310837124998216,10.56089433462534,48.4,44.8,5.699999999999996,0.2766990291262137,1.792839851858266,18.93399223438049,41.67499999999999
2025-11-17,26013,1,07:06:11,05:49 AM,12:55 PM,4.0,0.0,14.95,73.6,61.50000000000001,157.6,58.79660950400284,8.277650237159682,80.0,43.6,52.4,0.2495238095238095,2.680426666256507,22.18763442962732,42.16894117647063
2025-11-17,26013,2,04:41:28,03:00 PM,07:41 PM,3.85,0.0,10.35,51.65,53.3,120.2,40.7768505040076,8.692365100333216,80.8,53.6,56.2,0.31859410430839,2.947750954630167,25.62292752250119,43.088256227758
2025-11-17,26014,1,04:47:28,06:49 AM,11:37 AM,4.75,0.0,11.6,44.35,42.20000000000001,103.8,36.89266038300411,7.700230599421081,79.6,50.8,29.4,0.2207207207207207,2.813567764492773,21.66512059369202,41.62717770034843
2025-11-17,26014,2,03:44:10,02:25 PM,06:09 PM,2.75,0.0,7.799999999999999,26.85,52.1,87.9,43.4959699999963,11.6420440148689,84.4,60.0,39.6,0.3105882352941177,2.020876876639548,23.5271375464684,43.51517857142865
2025-11-18,26003,1,06:07:57,05:48 AM,11:56 AM,9.15,0.0,15.4,71.65,56.0,158.8,55.30015488700155,9.017554812393241,74.4,35.6,65.4,0.2917038358608385,2.871601360330482,25.89482266612312,42.03487738419629
2025-11-18,26003,2,01:42:42,12:29 PM,02:11 PM,2.049999999999999,0.0,3.100000000000001,13.25,14.49999999999999,33.09999999999999,15.61194637500012,9.120903432327234,35.6,27.2,18.5,0.3585271317829458,2.120171258915162,19.33787731256085,47.88543689320383
2025-11-18,26005,1,02:17:42,10:09 AM,12:27 PM,3.15,0.0,5.1,23.15,31.4,61.39999999999999,25.32086824999715,11.03305806100094,82.8,69.2,27.3,0.3077790304396844,2.42487735388011,26.75381263616557,47.26086956521731
2025-11-18,26005,2,03:40:09,01:45 PM,05:25 PM,4.7,0.0,10.35,29.9,38.3,82.2,33.01033437500155,8.996684362934785,80.4,62.0,35.0,0.2986348122866894,2.490129274856706,22.40290710878946,45.77000000000019
2025-11-18,26005,3,03:33:06,06:30 PM,10:03 PM,4.450000000000001,0.0,10.3,27.45,32.89999999999999,75.89999999999999,33.01033437500155,9.294322207884058,59.2,41.2,32.2,0.297872340425532,2.299279950871338,21.37024870952604,43.43380281690141
2025-11-18,26006,1,00:38:11,09:15 AM,09:54 AM,0.4999999999999999,0.0,1.350000000000001,7.299999999999999,6.5,15.7,5.281653500001994,8.299411872547873,80.0,76.8,3.6,0.1865284974093264,2.972553954929848,24.67044958533391,43.67692307692305
2025-11-18,26006,2,02:19:44,10:12 AM,12:31 PM,2.05,0.0,4.0,9.900000000000002,16.3,32.3,17.39838800000143,7.470681870229623,76.0,69.2,13.2,0.2901098901098901,1.85649383149734,13.86927480916031,47.15857142857147
2025-11-18,26006,3,00:40:13,01:12 PM,01:52 PM,0.5499999999999999,0.0,1.2,2.8,6.400000000000001,11.0,6.83508100000472,10.19738566100994,82.8,80.4,4.7,0.2993630573248408,1.609344497891452,16.41110650642354,46.75121951219516
2025-11-18,26006,4,03:56:16,03:05 PM,07:01 PM,4.949999999999999,0.0,9.9,33.1,31.7,80.3,32.93266299999959,8.363260919864457,78.8,61.2,27.6,0.2557924003707136,2.438308739259895,20.39221218961625,44.60000000000005
2025-11-18,26006,5,04:30:25,07:25 PM,11:56 PM,4.8,0.0,12.05,39.00000000000001,36.79999999999998,94.19999999999999,39.6124012500004,8.789192265023202,59.6,37.2,30.0,0.2415458937198068,2.378043163944751,20.90107858243451,42.33333333333335
2025-11-18,26008,1,07:17:17,11:55 AM,07:12 PM,6.95,0.0,16.9,78.9,63.2,164.1,59.80695874999947,8.206161203643637,82.0,53.6,64.8,0.2830930537352556,2.743827866017371,22.51629378358806,47.0316513761467
2025-11-18,26009,1,04:36:26,07:01 AM,11:37 AM,3.95,0.0,10.15,15.7,57.1,87.1,52.11749262500234,11.31212911190211,78.0,57.2,40.4,0.3168627450980392,1.671223913757806,18.90510068732666,41.26642599277987
2025-11-18,26009,2,02:04:35,12:16 PM,02:20 PM,1.55,0.0,4.2,3.45,25.6,35.3,26.79662437499792,12.90539769230669,56.8,48.0,21.0,0.3730017761989343,1.317330104941725,17.00066889632107,45.59359999999988
2025-11-18,26009,3,03:35:11,04:30 PM,08:06 PM,2.3,0.0,10.4,26.95,26.1,65.5,28.58306599999923,7.969873565176767,80.4,65.2,22.3,0.2539863325740319,2.291566621999255,18.26349624351328,44.65806451612903
2025-11-18,26010,1,00:09:02,05:50 AM,05:59 AM,0.09999999999999998,0.0,0.3999999999999999,2.800000000000001,4.3,8.200000000000001,2.717255383002339,18.04819073580889,80.0,78.4,1.3,0.1368421052631579,3.017750945050917,54.4649446494465,32.72
2025-11-18,26010,2,09:51:04,06:04 AM,03:56 PM,8.5,0.0,22.75,73.1,81.0,191.8,80.31220174999908,8.152603380893206,77.6,33.2,74.1,0.2786761940579165,2.388180075015839,19.46988495375592,43.45398981324303
2025-11-18,26012,1,07:38:00,08:01 AM,03:39 PM,6.75,0.0,18.35,48.55,66.8,138.9,58.71955949999392,7.692518711789596,77.6,45.6,71.2,0.338886244645407,2.365480960394711,18.19650655021834,46.73725490196094
2025-11-18,26012,2,02:31:21,04:40 PM,07:12 PM,2.45,0.0,6.1,24.35,22.2,54.5,22.91305562500202,9.083471010902683,59.2,46.0,20.6,0.274300932090546,2.378556613834224,21.60555004955402,44.83529411764717
2025-11-18,26013,1,04:37:25,06:57 AM,11:35 AM,3.05,0.0,9.649999999999999,50.84999999999999,53.4,118.9,49.55557999200391,10.71793859845083,78.4,51.6,42.4,0.2628642281463112,2.399326171123115,25.71583057975368,42.14368231046939
2025-11-18,26013,2,04:45:29,02:24 PM,07:09 PM,3.55,0.0,10.25,31.85,62.89999999999999,108.1,53.5920060080025,11.26342586425413,87.6,64.0,60.2,0.3576945929887106,2.01709187717023,22.71936481989608,45.4968421052633
2025-11-18,26013,3,01:41:31,07:47 PM,09:28 PM,1.0,0.0,4.049999999999999,10.75,17.59999999999999,34.3,15.69334597599664,9.275331721160383,62.8,54.8,17.3,0.3352713178294573,2.18563970057518,20.27253324577245,43.89411764705886
2025-11-18,26014,1,05:43:46,06:50 AM,12:34 PM,5.199999999999999,0.0,13.05,44.0,47.99999999999999,111.6,41.40132835900295,7.226063322622447,82.8,52.0,32.1,0.2233820459290188,2.695565684083467,19.47832832347522,43.80758017492716
2025-11-18,26014,2,03:58:14,02:24 PM,06:22 PM,3.05,0.0,8.299999999999999,28.35,54.90000000000001,92.3,42.56391350000195,10.71988866657388,84.4,58.8,38.0,0.2916346891788181,2.16850360810915,23.24611725199384,46.05210084033628
2025-11-19,26003,1,00:57:18,07:49 AM,08:46 AM,1.55,0.0,3.149999999999999,16.55,8.100000000000001,35.1,6.677252765999583,6.991887713088569,71.2,62.8,6.7,0.1602870813397129,5.256652882563977,36.75392670157068,38.33103448275863
2025-11-19,26003,2,03:52:15,08:55 AM,12:48 PM,4.550000000000001,0.0,6.95,25.35,24.9,63.7,29.82580800000142,7.7052679440262,60.4,39.6,23.8,0.272,2.135734260744822,16.45640473627557,41.88831168831179
2025-11-19,26003,3,04:54:33,07:03 PM,11:58 PM,6.4,0.0,12.65,56.1,37.1,115.7,40.54445775000204,8.258928755729494,76.8,48.8,34.1,0.2276368491321762,2.853657600094409,23.56815481242574,39.90408163265313
2025-11-19,26005,1,07:19:16,11:51 AM,07:10 PM,9.299999999999999,0.0,16.3,78.8,68.2,171.4,59.80944423400069,8.169449053058223,84.4,45.6,56.0,0.2462620932277924,2.865768144064477,23.41174685081196,45.09726027397245
2025-11-19,26006,1,02:49:53,09:34 AM,12:24 PM,2.75,0.0,6.800000000000001,26.4,27.0,62.40000000000001,23.84511212499638,8.421701525555475,80.4,66.8,22.1,0.2615384615384616,2.616888512534494,22.03865397822035,41.10588235294118
2025-11-19,26006,2,03:21:06,12:40 PM,04:01 PM,4.800000000000001,0.0,7.15,25.55,31.09999999999999,68.10000000000001,28.4277232500026,8.481667802089289,66.0,50.0,28.8,0.2972136222910216,2.395548859157892,20.31824962705122,45.29850746268647
2025-11-19,26008,1,04:53:32,06:59 AM,11:53 AM,4.2,0.0,11.9,28.3,58.8,102.0,52.19329988700338,10.66862818494278,83.2,60.8,39.9,0.281183932346723,1.954273828649009,20.84942084942085,39.93720136518761
2025-11-19,26008,2,02:00:39,12:15 PM,02:16 PM,1.75,0.0,4.8,7.399999999999999,26.0,39.9,26.64128162499401,13.24887606713336,60.8,51.2,20.8,0.342668863261944,1.497675695998314,19.84251968503937,45.03140495867758
2025-11-19,26008,3,04:23:23,03:24 PM,07:48 PM,3.6,0.0,9.95,31.0,35.20000000000001,79.4,40.23377224999422,9.165448338921673,73.2,54.8,36.1,0.3125541125541126,1.97346645764769,18.08770486616465,45.75665399239528
2025-11-19,26009,1,04:43:52,06:54 AM,11:38 AM,4.25,0.0,17.35,70.5,59.3,149.4,50.09741550399485,10.58893235171333,82.4,46.4,50.2,0.251503006012024,2.9821897696117,31.57820573038986,38.88421052631578
2025-11-19,26009,2,03:28:06,01:57 PM,05:25 PM,3.35,0.0,9.05,36.55,35.0,83.5,33.01033437500155,9.51763605237911,77.2,56.8,39.0,0.3183673469387755,2.529510881393369,24.07496395963479,44.85837320574179
2025-11-19,26009,3,03:31:11,06:29 PM,10:00 PM,2.55,0.0,9.75,31.55,29.5,73.60000000000001,32.93266300000687,9.356608539185915,54.0,35.6,34.2,0.3172541743970315,2.234863302733358,20.91074106226817,40.87264150943388
2025-11-19,26010,1,07:10:17,05:51 AM,01:01 PM,6.15,0.0,15.5,69.3,60.7,157.1,59.02838088700082,8.231094673788704,84.8,45.2,48.4,0.2355231143552311,2.661431630671686,21.9064957198745,39.48111888111876
2025-11-19,26010,2,06:44:06,02:30 PM,09:14 PM,5.55,0.0,13.8,50.7,69.80000000000001,140.9,57.70983162500488,8.568646121010376,75.6,43.2,58.5,0.2933801404212638,2.44152505790625,20.92056421677803,44.24714640198523
2025-11-19,26012,1,00:24:09,06:01 AM,06:25 AM,0.35,0.0,1.0,4.449999999999999,5.200000000000001,10.9,4.271925624998403,10.61347981366063,76.8,74.4,4.9,0.310126582278481,2.551542549386982,27.08074534161491,37.47199999999999
2025-11-19,26012,2,05:21:53,06:34 AM,11:56 AM,5.25,0.0,13.3,49.49999999999999,55.69999999999999,122.3,48.31159525000112,9.005423440170041,74.0,45.6,58.5,0.3235619469026548,2.531483370961491,22.79707968725729,39.21671826625379
2025-11-19,26012,3,00:53:16,12:35 PM,01:28 PM,0.8499999999999996,0.0,2.050000000000001,5.049999999999997,9.500000000000014,17.59999999999999,8.776865374995396,9.886331461196315,44.4,40.0,10.8,0.3802816901408451,2.005271728348599,19.82478097622027,44.56666666666662
2025-11-19,26012,4,00:32:10,01:38 PM,02:10 PM,0.5,0.0,1.25,2.950000000000003,6.099999999999994,10.59999999999999,6.44672412500222,12.02497764249119,39.6,37.2,7.400000000000006,0.4111111111111114,1.644245944834245,19.77202072538859,45.25454545454545
2025-11-19,26012,5,03:08:05,03:55 PM,07:03 PM,3.7,0.0,6.35,25.15,37.59999999999999,72.0,27.2626526249951,8.696991533006853,76.8,60.4,33.8,0.3194706994328922,2.640975586285707,22.96854231280461,46.01904761904764
2025-11-19,26012,6,00:50:02,07:44 PM,08:34 PM,0.9000000000000004,0.0,2.649999999999999,6.049999999999997,14.20000000000001,23.7,9.631250499995076,11.54980073283886,59.2,53.2,10.4,0.3049853372434017,2.460739651617629,28.42105263157895,40.68235294117649
2025-11-19,26012,7,01:51:00,08:47 PM,10:38 PM,1.9,0.0,5.999999999999998,17.3,24.29999999999998,48.90000000000001,16.54400287500175,8.942704256757704,52.8,41.2,18.40000000000001,0.2734026745913819,2.955753838382649,26.43243243243244,38.07499999999999
2025-11-19,26012,8,01:08:02,10:49 PM,11:57 PM,1.05,0.0,3.650000000000002,10.55,14.19999999999997,29.5,10.79632112500258,9.521498297405508,40.8,34.0,11.2,0.2751842751842752,2.73241224102557,26.01665850073493,36.85217391304347
2025-11-19,26013,1,08:25:35,07:08 AM,03:34 PM,5.2,0.0,17.35,83.4,70.50000000000001,181.1,66.64079700800357,7.908583129349361,83.6,42.8,63.8,0.2605144957125358,2.717554533122553,21.4920059337399,42.35357142857163
2025-11-19,26014,1,04:43:28,06:49 AM,11:33 AM,4.6,0.0,11.5,49.45,45.0,112.1,37.12691724999604,7.858472607007629,80.4,49.2,30.2,0.2122276879831342,3.019372689770303,23.72765757290687,38.98374558303885
2025-11-19,26014,2,02:22:45,02:41 PM,05:03 PM,2.05,0.0,4.65,10.8,38.90000000000001,54.5,28.89375149999978,12.14448399299465,81.6,66.4,33.9,0.3834841628959276,1.886220970648288,22.90718038528896,46.41258741258734
2025-11-19,26014,3,02:22:45,05:20 PM,07:43 PM,2.3,0.0,5.05,18.4,21.6,46.8,19.65085787499993,8.259554973730268,80.8,51.6,20.0,0.2994011976047904,2.381575415063154,19.6707530647986,44.96503496503497
2025-11-20,26003,1,02:11:43,11:45 AM,01:56 PM,3.4,0.0,4.699999999999999,14.65,20.2,45.1,19.49551512500329,8.880659806404132,76.4,65.6,20.9,0.3166666666666667,2.313352569081828,20.54409717828673,48.15909090909083
2025-11-20,26003,2,05:19:42,02:45 PM,08:04 PM,5.550000000000001,0.0,11.35,37.75,30.30000000000001,87.99999999999999,32.699648875001,6.136937543009259,65.6,44.4,33.8,0.277504105090312,2.691160395525724,16.51548326556146,45.68902821316608
2025-11-20,26005,1,04:41:29,06:58 AM,11:39 AM,7.2,0.0,17.8,62.8,65.4,152.8,49.70967999999993,10.59594102670376,79.6,45.2,45.6,0.2298387096774193,3.0738479909748,32.57031203742081,39.72526690391449
2025-11-20,26005,2,05:36:45,01:35 PM,07:11 PM,6.9,0.0,14.25,71.89999999999999,47.20000000000001,141.7,43.49597000000358,7.749838752784602,73.6,40.8,41.4,0.2261059530311305,3.257773076447963,25.24721603563474,45.67678571428555
2025-11-20,26006,1,07:44:25,07:57 AM,03:42 PM,10.0,0.0,16.65,66.85,70.9,163.6,60.66134387499915,7.837101666965617,83.2,46.0,62.5,0.2764263600176913,2.696939921692467,21.13619235600215,44.07127429805642
2025-11-20,26008,1,04:32:27,06:49 AM,11:22 AM,3.4,0.0,9.75,32.35,54.4,99.5,52.1951640000043,11.49462227931825,81.6,59.2,38.1,0.276889534883721,1.906306875479725,21.91227748210681,39.76911764705878
2025-11-20,26008,2,02:08:41,12:15 PM,02:24 PM,1.6,0.0,3.75,4.65,24.2,34.5,26.71895300000324,12.45800165781785,59.2,51.2,20.1,0.3681318681318682,1.2912182599369,16.08599922289859,48.43720930232549
2025-11-20,26008,3,03:01:57,03:56 PM,06:58 PM,3.4,0.0,6.35,24.8,35.3,69.5,27.10730987500574,8.938931533390186,77.2,61.2,35.0,0.3349282296650718,2.563884071140618,22.91838417147568,43.80879120879128
2025-11-20,26008,4,04:41:28,07:14 PM,11:56 PM,3.85,0.0,11.75,33.8,49.59999999999999,97.8,37.51527412500582,7.997097752843495,60.4,37.2,42.90000000000001,0.304904051172708,2.606938168014381,20.84793936522975,44.24768683274034
2025-11-20,26009,1,05:57:04,06:03 AM,12:00 PM,5.3,0.0,14.05,45.0,53.5,116.7,52.89420637500007,8.888122803864835,75.2,46.4,70.0,0.3749330476700589,2.206290783013944,19.60978342046304,39.3709497206703
2025-11-20,26009,2,01:43:05,12:34 PM,02:17 PM,1.75,0.0,4.149999999999999,12.05,14.59999999999999,32.69999999999999,15.61194637500012,9.086985763945096,46.0,37.6,20.90000000000001,0.3899253731343285,2.094549853973589,19.03314470493128,48.28653846153841
2025-11-20,26010,1,07:09:14,05:46 AM,12:56 PM,5.7,0.0,15.45,62.7,58.7,148.0,58.40887400000065,8.164632538634866,86.8,54.0,50.1,0.2529025744573448,2.533861549873369,20.68804845849188,40.76448598130844
2025-11-20,26010,2,03:39:10,01:54 PM,05:33 PM,3.45,0.0,6.2,14.7,43.10000000000001,67.2,33.32101987500209,9.122104300380801,75.2,59.6,39.3,0.3690140845070422,2.016744993163142,18.39695817490495,45.6931506849314
2025-11-20,26010,3,03:33:06,06:31 PM,10:04 PM,2.45,0.0,7.149999999999999,23.0,34.60000000000001,70.0,33.16567712499818,9.33806019474374,58.8,42.0,32.3,0.3157380254154448,2.110615734941182,19.70905678085406,42.71549295774653
2025-11-20,26012,1,00:11:03,12:07 AM,12:18 AM,0.1000000000000005,0.0,0.6000000000000014,1.849999999999994,1.799999999999983,4.299999999999983,2.174798499996541,11.80886063346538,33.2,32.4,1.400000000000006,0.2456140350877208,1.977194668842572,23.34841628959267,36.5
2025-11-20,26012,2,01:37:05,10:05 AM,11:42 AM,1.3,0.0,3.6,18.05,18.9,41.4,17.47605937500339,10.80065472103214,91.6,82.4,13.9,0.2513562386980109,2.368955100897394,25.5862660944206,44.17755102040813
2025-11-20,26012,3,00:44:02,12:00 PM,12:44 PM,0.5,0.0,1.399999999999999,3.549999999999997,6.499999999999998,11.8,8.233165750003536,11.21854530659074,82.0,79.6,6.299999999999999,0.3480662983425415,1.433227552839554,16.07872823618471,48.40000000000001
2025-11-20,26012,4,02:03:43,03:18 PM,05:22 PM,1.6,0.0,4.65,15.35,16.7,38.3,18.4857872499997,8.965220813687045,77.2,68.8,14.5,0.2746212121212121,2.071861992244914,18.5747002559612,45.75200000000009
2025-11-20,26013,1,00:22:07,07:54 AM,08:16 AM,0.09999999999999999,0.0,1.2,6.850000000000001,12.4,20.3,10.0165005200106,27.17362612813726,88.0,83.6,3.9,0.1611570247933884,2.026655912356357,55.07159005275056,35.0521739130435
2025-11-20,26013,2,00:23:07,01:19 PM,01:43 PM,0.2,0.0,0.6,0.0,11.8,13.1,9.708300503996725,25.19818443719409,82.8,80.0,4.5,0.2556818181818182,1.349360786123892,34.00144196106705,49.62500000000003
2025-11-20,26013,3,03:51:11,02:19 PM,06:10 PM,3.0,0.0,12.35,24.65,34.50000000000001,76.8,39.60867302400584,10.27980844109444,78.8,62.0,30.7,0.2855813953488372,1.938969274569068,19.93223271573787,45.26233766233766
2025-11-20,26013,4,02:32:48,06:40 PM,09:13 PM,1.65,0.0,9.05,15.7,18.59999999999999,47.80000000000001,21.280714008004,8.356301312043454,60.4,49.2,15.7,0.247244094488189,2.246165235904289,18.76963350785341,43.18823529411774
2025-11-20,26014,1,00:52:16,06:43 AM,07:35 AM,0.7,0.0,2.35,13.55,7.800000000000001,24.7,6.136038625001675,7.0439218909458,76.4,69.6,4.6,0.1569965870307167,4.025398389664351,28.35459183673469,35.46415094339623
2025-11-20,26014,2,00:06:02,07:37 AM,07:43 AM,0.09999999999999999,0.0,0.25,1.55,2.6,4.6,1.320413375004136,13.13118273484777,69.2,67.6,0.8,0.1481481481481482,3.483757501309459,45.74585635359116,37.4
2025-11-20,26014,3,03:58:15,07:49 AM,11:47 AM,4.0,0.0,8.95,29.25,31.99999999999999,75.5,29.20443700000033,7.354737544596095,64.8,45.2,26.1,0.2568897637795276,2.585223608316749,19.01364113326338,42.42941176470585
2025-11-20,26014,4,03:57:14,02:22 PM,06:19 PM,3.05,0.0,9.15,29.25,53.89999999999999,93.1,44.35035512499599,11.21689465013247,91.6,66.0,40.7,0.3041853512705531,2.099194014063905,23.54643810594352,45.16202531645569
2025-11-21,26003,1,05:00:32,07:48 AM,12:48 PM,7.649999999999999,0.0,10.55,34.4,39.9,96.2,40.07718675800425,8.001212972982215,71.2,48.0,42.6,0.3069164265129683,2.400368084239018,19.2058562555457,49.27399999999991
2025-11-21,26005,1,04:37:31,06:53 AM,11:31 AM,7.25,0.0,15.7,54.6,60.4,136.2,49.63325136699859,10.73086931242538,78.8,47.6,43.6,0.2424916573971079,2.744128104623024,29.44688006726323,46.79638989169674
2025-11-21,26005,2,06:33:12,12:25 PM,06:59 PM,6.3,0.0,11.25,33.5,50.20000000000001,99.1,49.78735137500189,7.597256059257663,64.8,41.2,46.9,0.3212328767123288,1.990465394585297,15.12207527975585,51.37755102040813
2025-11-21,26006,1,04:39:29,06:58 AM,11:38 AM,5.9,0.0,10.0,46.45,54.7,115.4,49.78735137499461,10.68844087005669,79.6,53.2,42.1,0.2673015873015873,2.317857785420554,24.77428588466814,46.1806451612904
2025-11-21,26006,2,00:49:14,12:06 PM,12:55 PM,0.95,0.0,1.1,0.0,9.400000000000002,11.2,8.699194000000716,10.60159052132789,62.8,60.4,7.2,0.3913043478260869,1.287475598313945,13.64928909952607,51.94399999999999
2025-11-21,26006,3,05:15:39,02:24 PM,07:39 PM,5.75,0.0,10.25,25.4,56.8,96.3,46.68049637499644,8.87321331379625,81.6,60.0,49.2,0.3381443298969072,2.062960068513354,18.30508474576271,50.07428571428577
2025-11-21,26008,1,07:46:25,07:55 AM,03:41 PM,5.9,0.0,13.75,51.55,63.40000000000001,135.0,61.20504349999828,7.87343779167389,77.2,46.4,66.5,0.3300248138957816,2.205700580868042,17.36644631052349,51.47483870967703
2025-11-21,26009,1,07:03:15,05:52 AM,12:56 PM,5.2,0.0,16.3,50.95,54.39999999999999,126.1,58.48654537499533,8.291063727110975,82.0,51.6,50.7,0.2867647058823529,2.156051433564605,17.87595983461311,47.47576470588226
2025-11-21,26009,2,06:57:25,02:20 PM,09:17 PM,5.0,0.0,15.75,57.4,61.5,139.1,62.83614237500296,9.032146638051932,76.8,42.4,59.8,0.3006535947712419,2.213694137521335,19.9944100618886,50.46076555023932
2025-11-21,26010,1,07:18:17,11:52 AM,07:11 PM,7.3,0.0,16.4,68.25,63.2,155.7,60.19531562499469,8.24060296801844,86.8,51.6,59.2,0.2754769660307119,2.58658000848407,21.31497889493098,51.24393592677328
2025-11-21,26011,1,03:01:06,11:34 AM,02:35 PM,3.2,0.0,4.95,7.0,28.7,42.9,32.62197749999905,10.80794395361647,81.6,72.0,28.5,0.3991596638655462,1.315064361135104,14.21314191054666,49.88066298342542
2025-11-21,26011,2,03:56:27,03:13 PM,07:09 PM,4.45,0.0,6.450000000000001,12.45,44.49999999999999,66.6,36.11718937499973,9.164860911397689,72.0,56.8,41.2,0.3821892393320965,1.843997308553041,16.89997885388031,48.33728813559333
2025-11-21,26012,1,06:12:11,05:49 AM,12:01 PM,5.350000000000001,0.0,14.8,47.75,64.39999999999999,130.7,55.45736174999911,8.940329689668927,80.0,50.4,60.7,0.3171368861024033,2.356765556017495,21.07026107205231,47.11903485254689
2025-11-21,26012,2,01:35:24,12:31 PM,02:06 PM,1.3,0.0,3.350000000000001,5.799999999999997,15.29999999999998,25.30000000000001,15.30126087499957,9.623434512578346,49.6,43.6,16.40000000000001,0.3932853717026379,1.65345850950997,15.9119496855346,53.28125
2025-11-21,26012,3,03:07:06,04:56 PM,08:03 PM,2.25,0.0,6.05,21.9,29.5,59.1,25.94223924999824,8.319264323890403,86.4,73.6,27.6,0.3183391003460208,2.278137959891185,18.9524318546232,50.9670212765958
2025-11-21,26013,1,04:31:27,07:02 AM,11:34 AM,3.05,0.0,8.549999999999999,21.3,51.8,86.30000000000001,52.50336401600362,11.60509059112255,80.0,60.8,40.1,0.3172468354430379,1.643704201005002,19.07533615767176,47.0333333333333
2025-11-21,26013,2,02:11:46,12:16 PM,02:27 PM,1.8,0.0,3.85,3.5,24.3,35.2,26.79351752001094,12.20043803086762,60.8,52.4,22.0,0.3846153846153846,1.313750610524005,16.02833291171262,52.34545454545464
2025-11-21,26013,3,02:37:55,03:35 PM,06:13 PM,1.05,0.0,4.350000000000001,15.4,16.4,37.1,18.01975900000252,6.846557509235787,74.8,66.4,18.7,0.3351254480286738,2.058851064545026,14.09604221635884,51.97088607594949
2025-11-21,26014,1,04:56:32,06:47 AM,11:44 AM,4.449999999999999,0.0,11.05,35.2,40.59999999999999,91.7,36.19610349199502,7.323851875628488,76.0,49.6,28.5,0.2371048252911813,2.533421864601531,18.55440647482014,47.48851351351333
2025-11-21,26014,2,03:42:10,01:48 PM,05:30 PM,3.3,0.0,8.35,14.1,45.40000000000001,69.5,33.01033437500155,8.91501903600942,88.0,69.2,36.3,0.3431001890359168,2.105401272536996,18.76969242310578,52.07567567567558
2025-11-21,26014,3,03:30:04,06:32 PM,10:02 PM,2.7,0.0,7.649999999999999,15.15,42.0,65.8,32.77732025000296,9.361976586798686,67.2,48.8,34.5,0.3439680957128614,2.00748564855585,18.79403364011425,49.58000000000007
2025-11-22,26005,1,03:02:58,08:52 AM,11:55 AM,4.25,0.0,5.95,21.8,29.0,59.5,26.64128162499401,8.736437770994574,81.2,67.6,20.9,0.2599502487562189,2.233376037892223,19.51175077427582,47.38901098901095
2025-11-22,26005,2,03:38:09,12:49 PM,04:27 PM,4.9,0.0,7.0,19.3,29.80000000000001,60.80000000000001,31.45690687499882,8.651911127664127,66.4,52.4,24.7,0.2888888888888888,1.93280287351845,16.72243868897548,50.42935779816524
2025-11-22,26006,1,02:04:38,08:55 AM,11:00 AM,2.9,0.0,4.7,20.4,23.9,51.5,20.58291437500156,9.908864903718325,75.2,63.6,18.5,0.2642857142857143,2.502075219364852,24.79272532762771,46.19839999999996
2025-11-22,26006,2,03:28:07,11:37 AM,03:05 PM,4.3,0.0,6.8,18.05,34.0,63.0,32.00060649999796,9.225769472250553,62.8,47.6,30.5,0.3262032085561498,1.968712686742485,18.16288940498118,49.77500000000001
2025-11-22,26008,1,05:37:47,02:41 PM,08:19 PM,4.100000000000001,0.0,16.9,38.65000000000001,41.8,101.7,46.75816774999839,8.305590561010224,91.2,69.2,37.1,0.2672910662824207,2.175021068912682,18.06483445995954,47.77804154302673
2025-11-22,26008,2,03:09:59,08:44 PM,11:54 PM,1.899999999999999,0.0,9.350000000000001,29.05,22.60000000000002,62.40000000000001,27.80635225000151,8.78172366874335,68.4,54.0,20.7,0.2490974729241877,2.244091545664592,19.7069918413896,39.90105263157885
2025-11-22,26011,1,04:17:25,08:35 AM,12:53 PM,4.15,0.0,8.95,30.0,72.9,113.6,60.972650746,14.21181888543865,82.4,56.8,50.8,0.3090024330900243,1.863130413555991,26.47847199741016,45.3984435797666
2025-11-22,26011,2,04:10:19,01:29 PM,05:39 PM,4.2,0.0,7.850000000000001,15.15000000000001,69.29999999999998,95.19999999999999,60.97202937499969,14.61477500166448,56.0,33.2,50.1,0.3448038540949759,1.561371681012716,22.8190958119715,47.55199999999986
2025-11-22,26012,1,00:56:17,10:46 AM,11:42 AM,0.7999999999999999,0.0,2.149999999999999,5.0,10.7,18.5,9.631250499995076,10.26724957061957,78.4,74.0,9.2,0.3321299638989169,1.920830529743719,19.72164643174415,48.67368421052632
2025-11-22,26012,2,00:32:26,12:03 PM,12:36 PM,0.55,0.0,1.2,2.5,6.699999999999998,10.90000000000001,5.747681749999174,10.63291587872406,73.2,70.8,7.200000000000001,0.3977900552486187,1.896416759679078,20.1644398766701,50.26470588235293
2025-11-22,26012,3,01:04:11,12:58 PM,02:02 PM,0.8999999999999999,0.0,2.350000000000001,3.449999999999999,18.9,25.49999999999999,16.69934562500566,15.61091774864201,70.4,64.4,14.8,0.3672456575682382,1.527005942185914,23.8379641651519,51.41230769230772
2025-11-22,26012,4,01:38:31,07:27 PM,09:06 PM,1.6,0.0,3.65,10.1,13.5,28.8,15.45660362500348,9.413597200137461,58.4,51.6,11.2,0.28,1.863281267911372,17.54017932667907,43.37600000000006
2025-11-23,26003,1,00:59:19,10:41 AM,11:41 AM,1.55,0.0,2.75,11.2,13.6,34.6,9.864264624993666,9.977901840398202,72.8,64.4,9.7,0.218961625282167,3.507610685172816,34.99859511098624,45.50000000000003
2025-11-23,26003,2,02:05:40,12:00 PM,02:05 PM,2.7,0.0,4.95,23.6,26.6,61.3,23.7674407500017,11.34784969496102,64.0,49.2,25.5,0.293778801843318,2.579158633223715,29.26790450928382,50.70000000000005
2025-11-23,26006,1,07:48:26,04:09 PM,11:58 PM,10.4,0.0,17.25,66.6,57.09999999999999,153.3,59.57332325399329,7.630540230355648,91.2,57.6,44.7,0.2257575757575758,2.573299450601391,19.635664982566,40.61456102783736
2025-11-23,26009,1,00:37:14,08:57 AM,09:35 AM,0.6,0.0,2.0,8.75,12.9,23.7,7.759059676995093,12.50340861109326,90.0,84.8,5.7,0.1938775510204082,3.054493841601496,38.19158460161147,37.16923076923077
2025-11-23,26009,2,00:35:11,09:45 AM,10:20 AM,0.55,0.0,1.8,4.999999999999996,6.800000000000001,13.9,5.825353125001129,9.934282922787336,83.6,80.4,4.800000000000001,0.2566844919786097,2.386121442208244,23.70440549502605,41.74999999999999
2025-11-23,26009,3,00:36:11,10:30 AM,11:06 AM,0.5999999999999999,0.0,1.75,4.75,6.1,13.2,5.670010375004495,9.402136043305472,80.0,76.4,5.299999999999999,0.2864864864864864,2.328038068182466,21.8885306310456,44.11351351351352
2025-11-23,26009,4,00:38:12,11:15 AM,11:53 AM,0.5499999999999998,0.0,1.800000000000001,5.0,6.899999999999999,14.3,6.136038624994399,9.637757002609002,76.0,72.4,6.399999999999999,0.3091787439613526,2.330493804545282,22.46073298429319,47.60000000000004
2025-11-23,26009,5,00:36:03,12:45 PM,01:21 PM,0.5,0.0,1.600000000000001,4.049999999999997,6.200000000000003,12.39999999999999,5.903024500003085,9.82472871012996,70.4,67.2,6.299999999999997,0.3368983957219252,2.100618081458668,20.63800277392509,50.38918918918919
2025-11-23,26009,6,00:35:11,01:31 PM,02:06 PM,0.3999999999999999,0.0,1.550000000000001,3.799999999999997,5.599999999999987,11.40000000000001,5.747681749999174,9.801825817146863,66.8,64.0,5.600000000000001,0.3294117647058823,1.98340835415977,19.441023211748,50.29999999999999
2025-11-23,26009,7,00:36:12,02:15 PM,02:51 PM,0.75,0.0,1.699999999999999,5.700000000000003,6.100000000000001,14.09999999999999,5.903024500003085,9.784018508292405,63.6,60.0,6.399999999999999,0.3121951219512196,2.388606044239292,23.37016574585634,51.26486486486484
2025-11-23,26009,8,00:35:12,03:00 PM,03:35 PM,0.5499999999999998,0.0,1.649999999999999,3.899999999999991,5.899999999999991,12.29999999999998,5.670010375004495,9.66479041193948,59.6,56.8,6.0,0.3278688524590167,2.169308199897294,20.96590909090906,50.34999999999999
2025-11-23,26009,9,00:34:01,03:45 PM,04:19 PM,0.4500000000000002,0.0,1.449999999999999,4.100000000000009,4.700000000000003,11.0,5.514667625000584,9.72699826065757,56.4,53.6,5.5,0.3333333333333333,1.994680504430008,19.40225379715826,49.33142857142859
2025-11-23,26010,1,00:14:04,09:35 AM,09:49 AM,0.3,0.0,0.6499999999999999,3.6,7.1,13.3,4.347111516006407,18.54218182182828,42.4,39.2,2.5,0.1582278481012658,3.059502833324692,56.72985781990521,37.51999999999999
2025-11-23,26012,1,01:05:03,04:17 PM,05:22 PM,0.7,0.0,2.5,9.600000000000001,20.8,33.2,16.62167425000371,15.33129062260142,93.2,86.0,14.0,0.2966101694915255,1.997392049720418,30.62259800153727,47.02727272727275
2025-11-23,26012,2,00:08:00,05:36 PM,05:44 PM,0.09999999999999998,0.0,0.2999999999999998,0.9000000000000004,1.400000000000006,2.700000000000003,2.097127125001862,15.72845343751396,85.6,85.2,2.0,0.4255319148936167,1.287475598312909,20.25000000000002,44.40000000000001
2025-11-23,26012,3,01:45:05,07:13 PM,08:58 PM,1.15,0.0,4.15,16.05,17.6,38.7,16.23331737500121,9.26882514670965,92.4,84.4,16.1,0.2937956204379563,2.383985916495218,22.09674861221253,40.55849056603771
2025-11-23,26014,1,07:56:28,08:33 AM,04:29 PM,6.95,0.0,18.9,57.0,78.4,174.1,65.86532599999919,8.29422042815157,92.4,44.0,53.4,0.2347252747252747,2.643272425312252,21.92388414719463,47.04799999999988
2025-11-24,26003,1,07:16:16,11:53 AM,07:10 PM,11.7,0.0,19.35,74.95,59.2,172.0,59.73115148799843,8.214858853789515,75.2,33.6,62.6,0.2668371696504689,2.879569466102781,23.65525672371638,51.26206896551739
2025-11-24,26005,1,09:09:49,09:48 AM,06:58 PM,11.25,0.0,15.95,46.45,79.30000000000001,151.3,74.79815549600607,8.162519621256234,89.2,55.6,66.0,0.3037275655775425,2.022777152680975,16.51095819818728,50.16751824817508
2025-11-24,26006,1,07:47:26,07:48 AM,03:35 PM,9.6,0.0,15.15,45.1,69.4,136.5,60.7390152500011,7.79649343578421,82.8,52.4,65.5,0.3242574257425743,2.247319938233564,17.52121514654496,50.50987124463485
2025-11-24,26006,2,02:18:43,05:18 PM,07:37 PM,2.95,0.0,4.5,17.9,23.6,47.8,19.57318649999797,8.466114550041176,86.8,76.4,23.6,0.3305322128851541,2.442116412675317,20.67523729424486,44.82014388489208
2025-11-24,26008,1,05:55:53,06:57 AM,12:52 PM,4.85,0.0,13.2,40.05,74.69999999999999,131.9,61.82765724199999,10.42380771185313,90.4,61.2,62.4,0.321152856407617,2.133349473096311,22.23762468973915,48.62591549295762
2025-11-24,26008,2,03:49:12,02:15 PM,06:04 PM,3.0,0.0,10.25,19.05,35.59999999999999,68.3,39.30171574999986,10.28840726439787,85.6,70.8,33.0,0.3257650542941757,1.737837615906126,17.87958115183246,50.38515283842804
2025-11-24,26008,3,02:07:40,07:04 PM,09:12 PM,1.45,0.0,6.049999999999999,23.6,16.0,46.60000000000001,18.95181549999688,8.90685845952856,67.2,56.8,15.5,0.249597423510467,2.458867331206747,21.90078328981724,44.24843750000003
2025-11-24,26009,1,06:10:12,05:50 AM,12:00 PM,4.85,0.0,14.65,50.05,50.3,118.5,50.48763649199827,8.18276118184737,78.4,49.6,45.4,0.2769981696156192,2.347109277313485,19.20583468395462,45.14339622641508
2025-11-24,26009,2,04:47:50,02:17 PM,07:05 PM,0.0,0.0,13.0,38.65,51.8,106.7,51.10776474999875,10.65361627678028,78.0,48.4,47.4,0.3075924724205062,2.087745385108094,22.24203821656051,48.41799307958471
2025-11-24,26009,3,01:56:04,07:42 PM,09:38 PM,0.0,0.0,6.150000000000002,16.3,16.69999999999999,40.59999999999999,18.79647275000025,9.716729164273534,45.6,33.2,17.3,0.2987910189982729,2.159979722791312,20.98793796668581,42.12307692307697
2025-11-24,26010,1,03:31:07,01:54 PM,05:26 PM,3.55,0.0,5.899999999999999,10.0,41.9,61.7,33.01033437499427,9.381637621376758,82.0,68.0,38.6,0.3848454636091725,1.869111633317428,17.53532801768375,50.69952606635078
2025-11-24,26010,2,03:29:05,06:32 PM,10:01 PM,2.8,0.0,7.449999999999999,19.35,36.10000000000001,66.10000000000001,33.16567712499818,9.517452184136586,66.0,50.4,36.59999999999999,0.356377799415774,1.993024286851602,18.96851335193304,43.75598086124407
2025-11-24,26011,1,03:01:05,07:47 AM,10:48 AM,3.55,0.0,6.300000000000001,16.5,34.1,59.8,33.08676300800289,10.9629403431947,76.8,63.6,29.5,0.3303471444568868,1.80736930915653,19.81408191440405,44.58011049723749
2025-11-24,26011,2,03:03:35,11:31 AM,02:35 PM,3.2,0.0,4.4,0.0,30.4,37.2,33.08800574999623,10.81405544257707,78.4,70.4,30.2,0.4480712166172107,1.124274466133524,12.15796640944167,51.26885245901641
2025-11-24,26011,3,04:29:30,03:13 PM,07:43 PM,5.199999999999999,0.0,9.5,36.95,52.90000000000001,103.5,40.77747187500063,9.078472402597543,70.4,46.4,50.89999999999999,0.3296632124352332,2.538166179533375,23.04267161410019,44.92118959107805
2025-11-24,26012,1,07:10:16,07:11 AM,02:21 PM,5.35,0.0,16.2,34.6,83.49999999999999,138.1,77.67137500000536,10.83114928726446,79.2,47.6,73.10000000000001,0.3461174242424243,1.778003801271581,19.25782460489619,49.40278422273754
2025-11-24,26014,1,04:47:30,06:48 AM,11:36 AM,4.7,0.0,10.8,34.6,42.59999999999999,92.5,37.5134100120049,7.828885567722761,77.2,50.8,29.2,0.2399342645850452,2.465784901196626,19.30434782608696,46.47526132404169
2025-11-24,26014,2,03:55:14,02:29 PM,06:24 PM,3.2,0.0,9.0,19.2,52.99999999999999,82.69999999999999,43.26295587499772,11.03490443176929,90.4,66.8,39.1,0.3210180623973728,1.911566103780567,21.09394927022814,49.21872340425534
2025-11-25,26003,1,06:09:57,05:50 AM,12:00 PM,9.35,0.0,14.6,65.4,56.39999999999999,150.5,55.45984723400034,8.994704241221841,73.6,36.8,67.9,0.3108974358974359,2.71367498300165,24.40870387890255,46.74634146341474
2025-11-25,26003,2,03:08:59,12:28 PM,03:37 PM,4.699999999999999,0.0,6.449999999999999,22.45,25.70000000000002,59.40000000000001,28.58306599999923,9.074789452332414,36.8,22.0,32.69999999999999,0.3550488599348533,2.078153547278714,18.85880589117206,51.44761904761913
2025-11-25,26005,1,04:35:25,06:57 AM,11:32 AM,6.7,0.0,16.3,53.34999999999999,58.8,134.1,49.63014451200434,10.81201332787992,78.4,48.0,43.8,0.2462057335581788,2.701986893621969,29.21391830559758,46.22327272727278
2025-11-25,26005,2,01:52:35,11:54 AM,01:47 PM,2.5,0.0,3.7,15.05,20.4,40.7,18.40811587500502,9.810394840861301,48.0,38.0,16.9,0.2934027777777778,2.210981301745467,21.69059955588453,53.71150442477884
2025-11-25,26005,3,03:52:14,03:20 PM,07:12 PM,4.65,0.0,11.45,50.7,36.0,103.2,33.70937674999732,8.709183027127196,73.6,50.0,29.5,0.2223059532780708,3.061462713041949,26.66283909860772,48.7896551724139
2025-11-25,26006,1,07:49:27,07:52 AM,03:41 PM,10.55,0.0,15.8,56.4,70.60000000000002,151.3,60.74150073400233,7.763318871104782,82.8,48.8,67.1,0.3072344322344322,2.490883468002696,19.33752263286825,49.50769230769245
2025-11-25,26006,2,02:24:46,05:21 PM,07:46 PM,2.85,0.0,4.7,20.45,21.6,48.2,19.72852924999461,8.17668723232565,81.6,70.8,21.5,0.3084648493543759,2.443162355856465,19.97697444163021,48.34896551724128
2025-11-25,26008,1,03:04:57,07:43 AM,10:48 AM,2.4,0.0,8.25,19.45,30.5,60.4,32.85312751200399,10.65794890900373,77.2,63.6,29.1,0.3251396648044693,1.838485543817125,19.59448499594485,47.27567567567571
2025-11-25,26008,2,03:03:27,11:35 AM,02:38 PM,0.0,0.0,5.45,6.5,29.5,49.6,32.77732025001023,10.72030098119713,77.6,66.4,30.8,0.3830845771144278,1.513241461525047,16.22240392477514,54.2196721311475
2025-11-25,26008,3,02:13:42,03:11 PM,05:24 PM,0.0,0.0,6.05,13.4,15.80000000000001,36.8,18.64113000000361,8.365503365745825,65.6,57.2,15.2,0.2923076923076923,1.974129250747828,16.51458489154824,49.94626865671641
2025-11-25,26009,1,02:38:58,09:52 AM,12:31 PM,1.8,0.0,6.449999999999999,19.7,25.7,53.2,26.40640338700177,9.966769992997106,83.2,70.8,22.9,0.3009198423127464,2.014662853563278,20.0796812749004,52.70000000000018
2025-11-25,26009,2,02:47:03,01:22 PM,04:09 PM,2.05,0.0,6.449999999999999,17.8,21.9,47.89999999999999,24.23346899999888,8.704029571984032,70.8,59.2,20.2,0.2966226138032306,1.976605165360445,17.2044298114337,49.4535714285713
2025-11-25,26009,3,02:49:01,04:57 PM,07:46 PM,2.7,0.0,6.75,23.0,29.7,61.7,26.33059612499346,9.347218819640712,58.4,42.8,34.00000000000001,0.3552769070010449,2.343281546194592,21.90316536830688,48.26352941176459
2025-11-25,26010,1,04:57:33,05:50 AM,10:47 AM,3.05,0.0,10.0,37.55,38.2,91.10000000000001,38.52438062899455,7.768317384438491,85.6,65.6,31.1,0.2545008183306056,2.364736266037086,18.37002184506806,43.95151515151521
2025-11-25,26010,2,04:41:30,02:22 PM,07:04 PM,4.65,0.0,12.85,22.35,61.90000000000001,102.5,52.27283537499898,11.14163453818806,91.2,68.4,49.8,0.3269862114248194,1.9608655100623,21.84724689165187,48.32170818505359
2025-11-25,26010,3,01:32:29,07:50 PM,09:22 PM,1.3,0.0,4.149999999999999,7.399999999999999,16.10000000000002,29.90000000000001,15.30126087499957,9.926930825373663,67.2,60.4,14.2,0.3219954648526076,1.954087329420873,19.39808974590017,50.11612903225809
2025-11-25,26011,1,04:05:28,02:56 PM,07:02 PM,4.85,0.0,12.45,25.2,35.2,78.0,36.58321762499691,8.942122722025315,82.0,64.8,29.9,0.2771084337349397,2.132125194660392,19.06572514937534,46.52540983606537
2025-11-25,26011,2,02:35:54,07:28 PM,10:04 PM,2.25,0.0,6.099999999999998,17.9,19.50000000000001,46.49999999999999,21.43729950000125,8.250403912765073,63.2,52.4,14.8,0.2414355628058728,2.169116497159415,17.89608723540731,48.1538461538461
2025-11-25,26012,1,07:26:39,07:07 AM,02:34 PM,5.55,0.0,16.75,38.2,81.70000000000002,140.5,77.74904637500003,10.44429146423374,75.6,42.8,75.5,0.349537037037037,1.807096119511729,18.87383857606627,49.75491071428561
2025-11-25,26012,2,00:53:10,03:20 PM,04:13 PM,0.6499999999999999,0.0,1.2,0.1,9.499999999999998,11.2,8.62152262499876,9.72961800940299,60.4,58.0,8.6,0.4343434343434343,1.299074477578328,12.63949843260188,48.53333333333332
2025-11-25,26012,3,03:27:09,04:35 PM,08:02 PM,2.1,0.0,6.35,16.8,28.3,53.0,27.49566675000096,7.963987472846043,65.6,53.6,26.4,0.3324937027707808,1.927576460752607,15.35119478638668,49.25217391304345
2025-11-25,26013,1,04:30:35,06:59 AM,11:29 AM,3.95,0.0,9.0,44.4,49.9,107.7,47.30373148799845,10.48927830962701,76.8,52.8,43.1,0.2858090185676392,2.276775988112584,23.88173698798892,46.73333333333333
2025-11-25,26013,2,00:28:09,12:02 PM,12:30 PM,0.3500000000000005,0.0,0.8500000000000014,1.75,3.900000000000013,7.400000000000006,4.349597000000358,9.270899467141083,51.6,49.6,4.699999999999996,0.3884297520661153,1.701307040629143,15.77264653641209,55.15172413793103
2025-11-25,26013,3,00:44:16,01:01 PM,01:45 PM,0.5499999999999998,0.0,1.35,4.399999999999999,6.800000000000004,13.5,7.844187504000729,10.63218185783231,48.8,45.6,7.899999999999999,0.3691588785046729,1.721019543848826,18.29819277108434,54.47999999999995
2025-11-25,26013,4,01:43:37,03:43 PM,05:27 PM,0.0,0.0,4.5,15.4,15.8,38.9,15.37520402399969,8.903126023226456,79.2,70.4,15.2,0.2809611829944547,2.530047727449968,22.52533376226476,49.44615384615376
2025-11-25,26013,5,03:33:15,06:28 PM,10:02 PM,0.0,0.0,8.549999999999999,23.9,30.5,66.80000000000001,33.24583398400137,9.354044731723713,68.0,52.4,32.0,0.3238866396761133,2.009274305831692,18.79484173505276,50.43943661971824
2025-11-25,26014,1,04:56:32,06:44 AM,11:41 AM,4.25,0.0,11.0,36.4,40.8,92.60000000000001,37.82658099599939,7.653759643974698,79.6,53.6,29.2,0.2397372742200328,2.448014003956465,18.73651079136691,46.47297297297291
2025-11-25,26014,2,01:36:30,11:57 AM,01:34 PM,0.9499999999999993,0.0,3.1,4.149999999999999,13.9,22.3,14.29153300000326,8.885927253888035,53.2,46.8,11.1,0.3323353293413174,1.560364447956347,13.86528497409326,54.37938144329901
2025-11-25,26014,3,04:03:15,02:30 PM,06:33 PM,3.1,0.0,8.3,26.95,51.8,87.80000000000001,42.95227037499717,10.5945990647475,66.8,40.8,37.2,0.2976,2.044129430958067,21.65673175745119,48.55702479338856
2025-11-26,26003,1,07:18:17,11:52 AM,07:10 PM,11.35,0.0,14.35,46.25,55.09999999999999,127.2,59.9623014999961,8.208703859755332,72.0,41.2,58.5,0.3150242326332795,2.121332851108263,17.41339316271818,58.00732265446257
2025-11-26,26005,1,03:24:03,07:48 AM,11:12 AM,3.8,0.0,6.550000000000001,12.15,30.0,51.7,26.48531750399707,7.787890469197863,84.0,72.4,27.3,0.3455696202531646,1.952024928234205,15.20215633423181,54.11176470588229
2025-11-26,26005,2,04:10:18,11:34 AM,03:44 PM,4.899999999999999,0.0,7.499999999999998,6.200000000000001,37.90000000000001,55.0,34.71910462500091,8.322597992409326,72.4,60.0,39.4,0.4173728813559321,1.58414223506199,13.18417898521774,58.17919999999997
2025-11-26,26006,1,04:40:26,06:51 AM,11:32 AM,6.3,0.0,9.649999999999999,17.75,46.9,79.5,50.7964578789979,10.86813552623276,84.0,66.8,38.9,0.3285472972972973,1.565069757213716,17.00939022940687,53.38785714285724
2025-11-26,26006,2,03:36:10,01:29 PM,05:05 PM,4.3,0.0,6.25,6.600000000000001,24.1,41.1,27.02963850000378,7.50244399383297,81.2,72.4,22.1,0.3496835443037975,1.520553077318968,11.40786430223593,58.23333333333346
2025-11-26,26008,1,06:08:56,05:53 AM,12:02 PM,4.45,0.0,12.95,34.7,53.10000000000001,104.8,55.22372625400021,8.981090283447811,85.6,62.4,61.3,0.3690547862733293,1.897735033633458,17.04372967112396,55.19456521739142
2025-11-26,26008,2,01:34:29,12:28 PM,02:02 PM,1.300000000000001,0.0,2.649999999999999,3.149999999999999,14.50000000000001,22.10000000000001,15.45660362500348,9.815447706828811,62.4,57.6,17.49999999999999,0.4419191919191917,1.429809584056991,14.03422120303405,59.92842105263167
2025-11-26,26009,1,07:45:56,07:13 AM,02:59 PM,5.149999999999999,0.0,13.85,39.15,59.99999999999999,118.2,61.20504350000556,7.881605258263701,84.0,56.4,65.10000000000001,0.3551554828150573,1.931213397470901,15.22106166833596,55.72376873661683
2025-11-26,26010,1,07:02:13,05:52 AM,12:55 PM,4.949999999999999,0.0,12.4,29.3,51.1,99.8,58.33306673800689,8.289544872570357,80.8,58.8,46.4,0.3173734610123119,1.710864961861766,14.18229187226148,54.23277909738753
2025-11-26,26010,2,05:10:37,01:50 PM,07:01 PM,5.35,0.0,9.75,33.75,48.09999999999999,97.4,48.69995212499634,9.407084168588659,77.6,55.6,49.0,0.3346994535519126,2.00000196612118,18.81418683264474,57.56580645161314
2025-11-26,26011,1,05:02:35,02:17 PM,07:19 PM,5.35,0.0,9.0,11.75,45.09999999999999,70.10000000000001,50.79707924999821,10.07267889286662,85.6,70.0,41.7,0.3729874776386404,1.380000603085904,13.9003029468466,54.73841059602642
2025-11-26,26012,1,07:27:07,07:04 AM,02:31 PM,5.85,0.0,13.55,25.1,74.8,117.8,77.90438912500395,10.45423643530824,82.0,55.6,73.2,0.3832460732984294,1.512109925038759,15.80795467253141,56.53705357142864
2025-11-26,26012,2,01:51:51,03:49 PM,05:41 PM,1.3,0.0,2.5,2.35,15.6,21.7,16.69934562500566,8.958075435854624,79.6,75.2,16.1,0.425925925925926,1.299452115507229,11.64059007599463,57.61415929203527
2025-11-26,26013,1,02:29:46,09:58 AM,12:28 PM,1.5,0.0,4.05,7.8,21.5,34.8,24.70073999200395,9.895689291254643,86.8,79.2,19.3,0.356746765249538,1.408864674146012,13.94168706877365,56.17999999999995
2025-11-26,26013,2,03:50:11,03:18 PM,07:08 PM,3.3,0.0,6.350000000000001,10.4,32.90000000000001,53.7,34.79677599999559,9.070189964519884,78.4,66.8,32.5,0.377030162412993,1.543246420300743,13.99753819419304,56.78521739130419
2025-11-26,26014,1,04:48:30,06:52 AM,11:40 AM,4.100000000000001,0.0,9.4,21.55,37.5,71.30000000000001,36.89328175399714,7.672779567555732,79.6,59.6,28.5,0.2855711422845691,1.932601184015708,14.82842287694974,54.77500000000013
2025-11-26,26014,2,03:38:09,02:25 PM,06:03 PM,2.85,0.0,6.85,10.6,51.40000000000001,70.1,42.71925624999858,11.74950893880319,92.8,74.0,39.0,0.3574702108157654,1.640946171669417,19.28031171212468,58.21559633027531
2025-11-29,26008,1,03:22:03,10:34 AM,01:56 PM,2.55,0.0,9.25,27.15,46.00000000000001,83.9,32.85747710900614,9.757231509727138,77.6,53.6,18.9,0.183852140077821,2.553452284898747,24.91462509279881,44.92079207920798
2025-11-29,26012,1,00:44:14,08:51 AM,09:35 AM,0.65,0.0,1.85,8.149999999999999,13.1,23.5,8.001394366998284,10.85343621748072,82.8,77.6,2.0,0.0784313725490196,2.936988095090732,31.87641296156745,37.24000000000004
2025-11-29,26012,2,00:34:11,09:47 AM,10:21 AM,0.4999999999999999,0.0,1.4,5.100000000000001,8.199999999999998,15.0,5.592339000002539,9.81590463189134,76.8,73.6,3.1,0.1712707182320442,2.682240829819721,26.32862018527548,41.36
2025-11-29,26012,3,00:35:24,10:30 AM,11:06 AM,0.5,0.0,1.4,4.049999999999997,7.699999999999997,13.7,5.903024499995809,10.00512627117934,73.2,70.0,3.8,0.2171428571428571,2.320844170646713,23.22033898305085,43.82162162162161
2025-11-29,26012,4,00:38:01,11:15 AM,11:53 AM,0.5500000000000003,0.0,1.450000000000001,3.25,7.299999999999997,12.5,6.136038625001675,9.684234568174498,69.6,66.8,4.100000000000001,0.246987951807229,2.037144934040664,19.72818939061815,43.90769230769229
2025-11-29,26012,5,01:21:48,12:44 PM,02:06 PM,1.25,0.0,3.049999999999999,7.649999999999999,14.40000000000001,26.10000000000001,12.11673449999944,8.887580317847998,66.0,60.0,9.0,0.2564102564102563,2.154045712563993,19.14425427872861,43.77590361445787
2025-11-29,26012,6,00:35:00,02:15 PM,02:50 PM,0.6499999999999999,0.0,1.299999999999999,3.199999999999996,6.700000000000003,11.80000000000001,5.74768175000645,9.853168714296771,59.6,56.8,4.799999999999997,0.2891566265060238,2.053001629741725,20.22857142857145,43.19999999999997
2025-11-29,26012,7,00:35:05,03:01 PM,03:36 PM,0.6000000000000005,0.0,1.349999999999998,3.600000000000001,6.399999999999999,11.90000000000001,5.98069587500504,10.2282684798186,56.4,53.6,4.899999999999999,0.2916666666666665,1.989735015574584,20.35154394299288,42.14999999999998
2025-11-29,26012,8,00:44:14,03:45 PM,04:29 PM,0.7999999999999998,0.0,1.699999999999999,5.399999999999991,7.899999999999991,15.59999999999999,7.223437874999945,9.798182498115978,53.2,49.2,5.700000000000003,0.267605633802817,2.159636487494552,21.16051243406179,40.56000000000002
2025-11-29,26013,1,00:46:14,08:57 AM,09:43 AM,0.75,0.0,2.7,13.8,13.7,36.9,9.161494024003332,11.88946592877145,78.4,70.4,8.1,0.18,4.027727344832745,47.88752703677,37.28510638297875
2025-11-29,26013,2,05:22:39,09:46 AM,03:08 PM,3.95,0.0,14.6,37.6,42.60000000000001,105.1,41.01048599999922,7.626310739190928,70.0,46.0,39.8,0.2746721877156659,2.562759192856237,19.54439795443979,44.81869158878494
2025-11-29,26014,1,04:20:20,09:05 AM,01:25 PM,3.6,0.0,10.3,31.0,84.89999999999999,137.1,60.19407288300863,13.87315380146166,85.2,50.4,44.7,0.2458745874587459,2.277632886986455,31.59795134443022,41.74076923076923
2025-11-29,26014,2,03:19:02,01:55 PM,05:14 PM,2.6,0.0,6.949999999999999,18.25,67.59999999999998,95.80000000000001,46.05912537500262,13.88484770976465,50.4,22.4,36.3,0.2747918243754731,2.079935283616847,28.87958465918607,41.33467336683417
2025-11-30,26003,1,03:01:01,08:49 AM,11:50 AM,4.4,0.0,12.25,33.6,27.6,91.6,27.18373850800708,9.010354353082175,59.2,36.8,21.5,0.1900972590627763,3.369661607545954,30.36184513396556,36.98232044198888
2025-11-30,26005,1,08:32:40,08:54 AM,05:26 PM,8.3,0.0,21.55,116.6,161.2,313.4,120.6988312660033,14.12600105843991,90.8,18.8,93.4,0.2295968534906588,2.596545440521379,36.67880364109232,37.83679060665382
2025-11-30,26009,1,07:53:16,04:05 PM,11:59 PM,4.85,0.0,19.8,84.05,60.1,166.7,60.35127974599891,7.651239860740811,85.2,44.0,41.9,0.200862895493768,2.762161808359195,21.1339625299338,39.68505263157903
2025-11-30,26011,1,03:53:24,12:30 PM,04:23 PM,4.45,0.0,13.9,58.7,36.0,113.7,34.02130499199848,8.745836758868503,74.8,48.8,27.8,0.1964664310954064,3.342023476957785,29.22879177377892,36.78969957081534
2025-11-30,26013,1,04:04:15,09:17 AM,01:21 PM,3.45,0.0,9.15,49.7,76.3,142.9,60.50662249599554,14.86344871958949,85.6,53.6,49.5,0.2572765072765072,2.361724950181403,35.10337768679631,37.53278688524582
2025-11-30,26013,2,03:05:57,01:58 PM,05:04 PM,2.15,0.0,6.950000000000001,30.84999999999999,52.40000000000001,93.4,45.36008299999958,14.63621930626499,52.4,30.4,34.8,0.2714508580343214,2.059079124700915,30.13713363807475,39.26774193548376
2025-11-30,26014,1,02:13:45,08:47 AM,11:01 AM,1.95,0.0,6.600000000000001,23.55,21.6,57.3,19.18482962499547,8.606278710278344,80.0,64.0,13.6,0.1918194640338505,2.986734890016701,25.70467289719626,36.35223880597022
2025-11-30,26014,2,05:03:33,11:24 AM,04:28 PM,4.15,0.0,17.75,35.7,50.1,110.8,42.79692762500054,8.45928399769406,63.2,30.8,35.6,0.2431693989071039,2.58897089461334,21.9008400592983,38.70099009901006
